shape_1_assignment,shape_2_assignment,shape_3_assignment,shape_4_assignment,dist1_loc,dist2_loc,dist1_color,dist2_color,left_distr,right_distr,info_survey.question,info_survey.question3,info_survey.question4,info_survey.question5,info_survey.question6,participant,session,date,expName,psychopyVersion,OS,frameRate,PROLIFIC_PID,STUDY_ID,SESSION_ID,Intro.started,Intro.stopped,key_resp_intro.keys,key_resp_intro.rt,key_resp_intro.duration,Intro_2.started,Intro_2.stopped,key_resp_intro_2.keys,key_resp_intro_2.rt,key_resp_intro_2.duration,Intro_dist1.started,Intro_dist1.stopped,key_resp_intro_6.keys,key_resp_intro_6.rt,key_resp_intro_6.duration,Intro_dist2.started,Intro_dist2.stopped,key_resp_intro_7.keys,key_resp_intro_7.rt,key_resp_intro_7.duration,Intro_4.started,Intro_4.stopped,key_resp_demo.keys,key_resp_demo.rt,key_resp_demo.duration,Intro_5.started,Intro_5.stopped,key_resp.keys,key_resp.rt,key_resp.duration,Intro_7.started,Intro_7.stopped,key_resp_3.keys,key_resp_3.rt,key_resp_3.duration,Intro_8.started,Intro_8.stopped,key_resp_13.keys,key_resp_13.rt,key_resp_13.duration,Intro_9.started,Intro_9.stopped,key_resp_15.keys,key_resp_15.rt,key_resp_15.duration,reminder_1.started,reminder_1.stopped,key_resp_intro_8.keys,key_resp_intro_8.rt,key_resp_intro_8.duration,reminder_2.started,reminder_2.stopped,key_resp_intro_9.keys,key_resp_intro_9.rt,key_resp_intro_9.duration,Intro_10.started,Intro_10.stopped,key_resp_intro_20.keys,key_resp_intro_20.rt,key_resp_intro_20.duration,training_trial.started,trial_index,type,trial_count,training_trial.stopped,key_resp_train.keys,key_resp_train.corr,key_resp_train.rt,key_resp_train.duration,training_trial_response.started,training_trial_response.stopped,training_feedback_2.started,training_feedback_2.stopped,key_resp_train_feedback_2.keys,key_resp_train_feedback_2.rt,key_resp_train_feedback_2.duration,trials.thisRepN,trials.thisTrialN,trials.thisN,trials.thisIndex,trials.ran,shape1,shape2,shape3,shape4,shape5,distr,pred_distr,trial_ind,test_intro.started,test_intro.stopped,key_resp_intro_4.keys,key_resp_intro_4.rt,key_resp_intro_4.duration,test_intro_2.started,test_intro_2.stopped,key_resp_demo_2.keys,key_resp_demo_2.rt,key_resp_demo_2.duration,test_intro_3.started,test_intro_3.stopped,key_resp_demo_3.keys,key_resp_demo_3.rt,key_resp_demo_3.duration,test_intro_4.started,test_intro_4.stopped,key_resp_11.keys,key_resp_11.rt,key_resp_11.duration,demo_trial.started,demo_trial.stopped,demo_trial_mask.started,demo_trial_mask.stopped,key_resp_test_3.keys,key_resp_test_3.corr,demo_trial_response.started,demo_trial_response.stopped,demo_feedback.started,demo_feedback.stopped,key_resp_17.keys,key_resp_17.rt,key_resp_17.duration,demo_trials.thisRepN,demo_trials.thisTrialN,demo_trials.thisN,demo_trials.thisIndex,demo_trials.ran,key_resp_test_3.rt,key_resp_test_3.duration,bonus_explain.started,bonus_explain.stopped,key_resp_intro_11.keys,key_resp_intro_11.rt,key_resp_intro_11.duration,bonus_explain_2.started,bonus_explain_2.stopped,key_resp_4.keys,key_resp_4.rt,key_resp_4.duration,testing_trial_start.started,testing_trial_start.stopped,key_resp_intro_22.keys,key_resp_intro_22.rt,key_resp_intro_22.duration,pre_testing_trial.started,num_completed_pre,counter_pre,pre_testing_trial.stopped,pre_testing_trial_mask.started,pre_testing_trial_mask.stopped,key_resp_test_4.keys,key_resp_test_4.corr,pre_testing_trial_response.started,pre_testing_trial_response.stopped,pre_testing_feedback.started,pre_testing_feedback.stopped,key_proceed.keys,key_proceed.rt,key_proceed.duration,pre_testing_trials.thisRepN,pre_testing_trials.thisTrialN,pre_testing_trials.thisN,pre_testing_trials.thisIndex,pre_testing_trials.ran,key_resp_test_4.rt,key_resp_test_4.duration,pre_repeat.started,pre_repeatRows,pre_repeat.stopped,pre_testing_trials_repeat.thisRepN,pre_testing_trials_repeat.thisTrialN,pre_testing_trials_repeat.thisN,pre_testing_trials_repeat.thisIndex,pre_testing_trials_repeat.ran,testing_trial_start_2.started,testing_trial_start_2.stopped,key_resp_intro_23.keys,key_resp_intro_23.rt,key_resp_intro_23.duration,testing_trial.started,num_completed_1,counter_1,testing_trial.stopped,testing_trial_mask.started,testing_trial_mask.stopped,key_resp_test.keys,key_resp_test.corr,testing_trial_response.started,testing_trial_response.stopped,testing_feedback.started,testing_feedback.stopped,key_proceed_1.keys,key_proceed_1.rt,key_proceed_1.duration,testing_trials.thisRepN,testing_trials.thisTrialN,testing_trials.thisN,testing_trials.thisIndex,testing_trials.ran,key_resp_test.rt,key_resp_test.duration,repeat.started,repeatRows,repeat.stopped,testing_trials_repeat.thisRepN,testing_trials_repeat.thisTrialN,testing_trials_repeat.thisN,testing_trials_repeat.thisIndex,testing_trials_repeat.ran,testing_trial_start_3.started,testing_trial_start_3.stopped,key_resp_intro_24.keys,key_resp_intro_24.rt,key_resp_intro_24.duration,testing_trial_2.started,num_completed_2,counter_2,testing_trial_2.stopped,testing_trial_mask_2.started,testing_trial_mask_2.stopped,key_resp_test_5.keys,key_resp_test_5.corr,testing_trial_response_2.started,testing_trial_response_2.stopped,testing_feedback_2.started,testing_feedback_2.stopped,key_proceed_2.keys,key_proceed_2.rt,key_proceed_2.duration,testing_trials_2.thisRepN,testing_trials_2.thisTrialN,testing_trials_2.thisN,testing_trials_2.thisIndex,testing_trials_2.ran,key_resp_test_5.rt,key_resp_test_5.duration,repeat_2.started,repeatRows_2,repeat_2.stopped,test_trials_repeat_2.thisRepN,test_trials_repeat_2.thisTrialN,test_trials_repeat_2.thisN,test_trials_repeat_2.thisIndex,test_trials_repeat_2.ran,End.started,total_earned,order,num_accurate_pre,num_accurate_1,num_accurate_2,counter_pre_final,counter_1_final,counter_2_final,End.stopped,key_resp_intro_10.keys,key_resp_intro_10.rt,key_resp_intro_10.duration
triangle,pentagon,square,circle,right,left,green,purple,2,1,"[""I agree to participate.""]","[""Item 1""]","[""Item 2""]","[""Item 3""]",30,618522,001,2024-12-07_13h04.07.781,test,2024.1.4,Win32,59.52380952,674841e51ddba29a9dee134e,67546f35f927709209cd55ea,67548d8adc0c853401c11a3b,,,,,,,,,,,,,,,,,,,,,,,,,,,,,,,,,,,,,,,,,,,,,,,,,,,,,,,,,,,,,,,,,,,,,,,,,,,,,,,,,,,,,,,,,,,,,,,,,,,,,,,,,,,,,,,,,,,,,,,,,,,,,,,,,,,,,,,,,,,,,,,,,,,,,,,,,,,,,,,,,,,,,,,,,,,,,,,,,,,,,,,,,,,,,,,,,,,,,,,,,,,,,,,,,,,,,,,,,,,,,,,,,,,,,,,,,,,,,,,,,,,,,,,,,,,,,,,,,
,,,,,,,,,,,,,,,618522,001,2024-12-07_13h04.07.781,test,2024.1.4,Win32,59.52380952,674841e51ddba29a9dee134e,67546f35f927709209cd55ea,67548d8adc0c853401c11a3b,121.599,404.5803,space,282.5673,,,,,,,,,,,,,,,,,,,,,,,,,,,,,,,,,,,,,,,,,,,,,,,,,,,,,,,,,,,,,,,,,,,,,,,,,,,,,,,,,,,,,,,,,,,,,,,,,,,,,,,,,,,,,,,,,,,,,,,,,,,,,,,,,,,,,,,,,,,,,,,,,,,,,,,,,,,,,,,,,,,,,,,,,,,,,,,,,,,,,,,,,,,,,,,,,,,,,,,,,,,,,,,,,,,,,,,,,,,,,,,,,,,,,,,,,,,,,,,,,,,,,,,,,,,,,
,,,,,,,,,,,,,,,618522,001,2024-12-07_13h04.07.781,test,2024.1.4,Win32,59.52380952,674841e51ddba29a9dee134e,67546f35f927709209cd55ea,67548d8adc0c853401c11a3b,,,,,,404.5805,413.2769,space,8.3003,,,,,,,,,,,,,,,,,,,,,,,,,,,,,,,,,,,,,,,,,,,,,,,,,,,,,,,,,,,,,,,,,,,,,,,,,,,,,,,,,,,,,,,,,,,,,,,,,,,,,,,,,,,,,,,,,,,,,,,,,,,,,,,,,,,,,,,,,,,,,,,,,,,,,,,,,,,,,,,,,,,,,,,,,,,,,,,,,,,,,,,,,,,,,,,,,,,,,,,,,,,,,,,,,,,,,,,,,,,,,,,,,,,,,,,,,,,,,,,,,,,,,,,,
,,,,,,,,,,,,,,,618522,001,2024-12-07_13h04.07.781,test,2024.1.4,Win32,59.52380952,674841e51ddba29a9dee134e,67546f35f927709209cd55ea,67548d8adc0c853401c11a3b,,,,,,,,,,,413.2773,434.4993,space,21.0075,,,,,,,,,,,,,,,,,,,,,,,,,,,,,,,,,,,,,,,,,,,,,,,,,,,,,,,,,,,,,,,,,,,,,,,,,,,,,,,,,,,,,,,,,,,,,,,,,,,,,,,,,,,,,,,,,,,,,,,,,,,,,,,,,,,,,,,,,,,,,,,,,,,,,,,,,,,,,,,,,,,,,,,,,,,,,,,,,,,,,,,,,,,,,,,,,,,,,,,,,,,,,,,,,,,,,,,,,,,,,,,,,,,,,,,,,,,,,,,,,,,
,,,,,,,,,,,,,,,618522,001,2024-12-07_13h04.07.781,test,2024.1.4,Win32,59.52380952,674841e51ddba29a9dee134e,67546f35f927709209cd55ea,67548d8adc0c853401c11a3b,,,,,,,,,,,,,,,,434.4995,446.0723,space,11.3735,,,,,,,,,,,,,,,,,,,,,,,,,,,,,,,,,,,,,,,,,,,,,,,,,,,,,,,,,,,,,,,,,,,,,,,,,,,,,,,,,,,,,,,,,,,,,,,,,,,,,,,,,,,,,,,,,,,,,,,,,,,,,,,,,,,,,,,,,,,,,,,,,,,,,,,,,,,,,,,,,,,,,,,,,,,,,,,,,,,,,,,,,,,,,,,,,,,,,,,,,,,,,,,,,,,,,,,,,,,,,,,,,,,,,,,,,,,,,,
,,,,,,,,,,,,,,,618522,001,2024-12-07_13h04.07.781,test,2024.1.4,Win32,59.52380952,674841e51ddba29a9dee134e,67546f35f927709209cd55ea,67548d8adc0c853401c11a3b,,,,,,,,,,,,,,,,,,,,,446.0726,513.0019,right,66.5406,,,,,,,,,,,,,,,,,,,,,,,,,,,,,,,,,,,,,,,,,,,,,,,,,,,,,,,,,,,,,,,,,,,,,,,,,,,,,,,,,,,,,,,,,,,,,,,,,,,,,,,,,,,,,,,,,,,,,,,,,,,,,,,,,,,,,,,,,,,,,,,,,,,,,,,,,,,,,,,,,,,,,,,,,,,,,,,,,,,,,,,,,,,,,,,,,,,,,,,,,,,,,,,,,,,,,,,,,,,,,,,,,,,,,,,,,
,,,,,,,,,,,,,,,618522,001,2024-12-07_13h04.07.781,test,2024.1.4,Win32,59.52380952,674841e51ddba29a9dee134e,67546f35f927709209cd55ea,67548d8adc0c853401c11a3b,,,,,,,,,,,,,,,,,,,,,,,,,,513.0022,516.1132,space,2.7225,,,,,,,,,,,,,,,,,,,,,,,,,,,,,,,,,,,,,,,,,,,,,,,,,,,,,,,,,,,,,,,,,,,,,,,,,,,,,,,,,,,,,,,,,,,,,,,,,,,,,,,,,,,,,,,,,,,,,,,,,,,,,,,,,,,,,,,,,,,,,,,,,,,,,,,,,,,,,,,,,,,,,,,,,,,,,,,,,,,,,,,,,,,,,,,,,,,,,,,,,,,,,,,,,,,,,,,,,,,,,,,,,,,,
,,,,,,,,,,,,,,,618522,001,2024-12-07_13h04.07.781,test,2024.1.4,Win32,59.52380952,674841e51ddba29a9dee134e,67546f35f927709209cd55ea,67548d8adc0c853401c11a3b,,,,,,,,,,,,,,,,,,,,,,,,,,,,,,,516.1135,529.7264,space,13.2093,,,,,,,,,,,,,,,,,,,,,,,,,,,,,,,,,,,,,,,,,,,,,,,,,,,,,,,,,,,,,,,,,,,,,,,,,,,,,,,,,,,,,,,,,,,,,,,,,,,,,,,,,,,,,,,,,,,,,,,,,,,,,,,,,,,,,,,,,,,,,,,,,,,,,,,,,,,,,,,,,,,,,,,,,,,,,,,,,,,,,,,,,,,,,,,,,,,,,,,,,,,,,,,,,,,,,,,,,,,,,,,
,,,,,,,,,,,,,,,618522,001,2024-12-07_13h04.07.781,test,2024.1.4,Win32,59.52380952,674841e51ddba29a9dee134e,67546f35f927709209cd55ea,67548d8adc0c853401c11a3b,,,,,,,,,,,,,,,,,,,,,,,,,,,,,,,,,,,,529.7267,533.2052,space,3.0649,,,,,,,,,,,,,,,,,,,,,,,,,,,,,,,,,,,,,,,,,,,,,,,,,,,,,,,,,,,,,,,,,,,,,,,,,,,,,,,,,,,,,,,,,,,,,,,,,,,,,,,,,,,,,,,,,,,,,,,,,,,,,,,,,,,,,,,,,,,,,,,,,,,,,,,,,,,,,,,,,,,,,,,,,,,,,,,,,,,,,,,,,,,,,,,,,,,,,,,,,,,,,,,,,,,,,,,,,,
,,,,,,,,,,,,,,,618522,001,2024-12-07_13h04.07.781,test,2024.1.4,Win32,59.52380952,674841e51ddba29a9dee134e,67546f35f927709209cd55ea,67548d8adc0c853401c11a3b,,,,,,,,,,,,,,,,,,,,,,,,,,,,,,,,,,,,,,,,,533.2059,547.3036,space,13.7174,,,,,,,,,,,,,,,,,,,,,,,,,,,,,,,,,,,,,,,,,,,,,,,,,,,,,,,,,,,,,,,,,,,,,,,,,,,,,,,,,,,,,,,,,,,,,,,,,,,,,,,,,,,,,,,,,,,,,,,,,,,,,,,,,,,,,,,,,,,,,,,,,,,,,,,,,,,,,,,,,,,,,,,,,,,,,,,,,,,,,,,,,,,,,,,,,,,,,,,,,,,,,,,,,,,,,
,,,,,,,,,,,,,,,618522,001,2024-12-07_13h04.07.781,test,2024.1.4,Win32,59.52380952,674841e51ddba29a9dee134e,67546f35f927709209cd55ea,67548d8adc0c853401c11a3b,,,,,,,,,,,,,,,,,,,,,,,,,,,,,,,,,,,,,,,,,,,,,,547.3039,570.7505,space,23.2209,,,,,,,,,,,,,,,,,,,,,,,,,,,,,,,,,,,,,,,,,,,,,,,,,,,,,,,,,,,,,,,,,,,,,,,,,,,,,,,,,,,,,,,,,,,,,,,,,,,,,,,,,,,,,,,,,,,,,,,,,,,,,,,,,,,,,,,,,,,,,,,,,,,,,,,,,,,,,,,,,,,,,,,,,,,,,,,,,,,,,,,,,,,,,,,,,,,,,,,,,,,,,,,,
,,,,,,,,,,,,,,,618522,001,2024-12-07_13h04.07.781,test,2024.1.4,Win32,59.52380952,674841e51ddba29a9dee134e,67546f35f927709209cd55ea,67548d8adc0c853401c11a3b,,,,,,,,,,,,,,,,,,,,,,,,,,,,,,,,,,,,,,,,,,,,,,,,,,,570.7508,578.7946,space,7.8165,,,,,,,,,,,,,,,,,,,,,,,,,,,,,,,,,,,,,,,,,,,,,,,,,,,,,,,,,,,,,,,,,,,,,,,,,,,,,,,,,,,,,,,,,,,,,,,,,,,,,,,,,,,,,,,,,,,,,,,,,,,,,,,,,,,,,,,,,,,,,,,,,,,,,,,,,,,,,,,,,,,,,,,,,,,,,,,,,,,,,,,,,,,,,,,,,,,,,,,,,,,
,,,,,,,,,,,,,,,618522,001,2024-12-07_13h04.07.781,test,2024.1.4,Win32,59.52380952,674841e51ddba29a9dee134e,67546f35f927709209cd55ea,67548d8adc0c853401c11a3b,,,,,,,,,,,,,,,,,,,,,,,,,,,,,,,,,,,,,,,,,,,,,,,,,,,,,,,,578.7948,588.8628,space,10.045,,,,,,,,,,,,,,,,,,,,,,,,,,,,,,,,,,,,,,,,,,,,,,,,,,,,,,,,,,,,,,,,,,,,,,,,,,,,,,,,,,,,,,,,,,,,,,,,,,,,,,,,,,,,,,,,,,,,,,,,,,,,,,,,,,,,,,,,,,,,,,,,,,,,,,,,,,,,,,,,,,,,,,,,,,,,,,,,,,,,,,,,,,,,,,,,,,,,,,
,,,,,,,,,,,,,,,618522,001,2024-12-07_13h04.07.781,test,2024.1.4,Win32,59.52380952,674841e51ddba29a9dee134e,67546f35f927709209cd55ea,67548d8adc0c853401c11a3b,,,,,,,,,,,,,,,,,,,,,,,,,,,,,,,,,,,,,,,,,,,,,,,,,,,,,,,,,,,,,588.9076,56,train,1,619.3675,right,0,30.0576,,619.3679,619.7747,619.7751,629.2513,space,9.0278,,0,0,0,55,1,shape_3,shape_1,shape_1,shape_1,shape_3,2,2,56,,,,,,,,,,,,,,,,,,,,,,,,,,,,,,,,,,,,,,,,,,,,,,,,,,,,,,,,,,,,,,,,,,,,,,,,,,,,,,,,,,,,,,,,,,,,,,,,,,,,,,,,,,,,,,,,,,,,,,,,,,,,,,,,,,,,,,,,,,,,,,,,,,,,,,,,,,,,,,,,,,,,,,,,
,,,,,,,,,,,,,,,618522,001,2024-12-07_13h04.07.781,test,2024.1.4,Win32,59.52380952,674841e51ddba29a9dee134e,67546f35f927709209cd55ea,67548d8adc0c853401c11a3b,,,,,,,,,,,,,,,,,,,,,,,,,,,,,,,,,,,,,,,,,,,,,,,,,,,,,,,,,,,,,629.2522,19,train,2,641.5095,right,1,12.2053,,641.5097,641.6095,641.6095,649.1527,space,7.5089,,0,1,1,18,1,shape_2,shape_2,shape_3,shape_2,shape_4,1,1,19,,,,,,,,,,,,,,,,,,,,,,,,,,,,,,,,,,,,,,,,,,,,,,,,,,,,,,,,,,,,,,,,,,,,,,,,,,,,,,,,,,,,,,,,,,,,,,,,,,,,,,,,,,,,,,,,,,,,,,,,,,,,,,,,,,,,,,,,,,,,,,,,,,,,,,,,,,,,,,,,,,,,,,,,
,,,,,,,,,,,,,,,618522,001,2024-12-07_13h04.07.781,test,2024.1.4,Win32,59.52380952,674841e51ddba29a9dee134e,67546f35f927709209cd55ea,67548d8adc0c853401c11a3b,,,,,,,,,,,,,,,,,,,,,,,,,,,,,,,,,,,,,,,,,,,,,,,,,,,,,,,,,,,,,649.1534,26,train,3,659.1701,right,1,9.9766,,659.1702,659.2705,659.2706,667.8334,space,8.525,,0,2,2,25,1,shape_3,shape_2,shape_2,shape_3,shape_4,1,1,26,,,,,,,,,,,,,,,,,,,,,,,,,,,,,,,,,,,,,,,,,,,,,,,,,,,,,,,,,,,,,,,,,,,,,,,,,,,,,,,,,,,,,,,,,,,,,,,,,,,,,,,,,,,,,,,,,,,,,,,,,,,,,,,,,,,,,,,,,,,,,,,,,,,,,,,,,,,,,,,,,,,,,,,,
,,,,,,,,,,,,,,,618522,001,2024-12-07_13h04.07.781,test,2024.1.4,Win32,59.52380952,674841e51ddba29a9dee134e,67546f35f927709209cd55ea,67548d8adc0c853401c11a3b,,,,,,,,,,,,,,,,,,,,,,,,,,,,,,,,,,,,,,,,,,,,,,,,,,,,,,,,,,,,,667.8338,70,train,4,679.005,right,0,11.1089,,679.0051,679.105,679.1051,684.9085,space,5.7523,,0,3,3,69,1,shape_4,shape_1,shape_3,shape_1,shape_3,2,2,70,,,,,,,,,,,,,,,,,,,,,,,,,,,,,,,,,,,,,,,,,,,,,,,,,,,,,,,,,,,,,,,,,,,,,,,,,,,,,,,,,,,,,,,,,,,,,,,,,,,,,,,,,,,,,,,,,,,,,,,,,,,,,,,,,,,,,,,,,,,,,,,,,,,,,,,,,,,,,,,,,,,,,,,,
,,,,,,,,,,,,,,,618522,001,2024-12-07_13h04.07.781,test,2024.1.4,Win32,59.52380952,674841e51ddba29a9dee134e,67546f35f927709209cd55ea,67548d8adc0c853401c11a3b,,,,,,,,,,,,,,,,,,,,,,,,,,,,,,,,,,,,,,,,,,,,,,,,,,,,,,,,,,,,,684.909,80,train,5,691.5141,left,1,6.557,,691.5142,691.6142,691.6143,697.418,space,5.7672,,0,4,4,79,1,shape_2,shape_3,shape_3,shape_2,shape_1,2,2,80,,,,,,,,,,,,,,,,,,,,,,,,,,,,,,,,,,,,,,,,,,,,,,,,,,,,,,,,,,,,,,,,,,,,,,,,,,,,,,,,,,,,,,,,,,,,,,,,,,,,,,,,,,,,,,,,,,,,,,,,,,,,,,,,,,,,,,,,,,,,,,,,,,,,,,,,,,,,,,,,,,,,,,,,
,,,,,,,,,,,,,,,618522,001,2024-12-07_13h04.07.781,test,2024.1.4,Win32,59.52380952,674841e51ddba29a9dee134e,67546f35f927709209cd55ea,67548d8adc0c853401c11a3b,,,,,,,,,,,,,,,,,,,,,,,,,,,,,,,,,,,,,,,,,,,,,,,,,,,,,,,,,,,,,697.4186,75,train,6,700.3613,left,1,2.8984,,700.3614,700.4618,700.4618,704.7766,space,4.2743,,0,5,5,74,1,shape_2,shape_1,shape_2,shape_2,shape_3,2,2,75,,,,,,,,,,,,,,,,,,,,,,,,,,,,,,,,,,,,,,,,,,,,,,,,,,,,,,,,,,,,,,,,,,,,,,,,,,,,,,,,,,,,,,,,,,,,,,,,,,,,,,,,,,,,,,,,,,,,,,,,,,,,,,,,,,,,,,,,,,,,,,,,,,,,,,,,,,,,,,,,,,,,,,,,
,,,,,,,,,,,,,,,618522,001,2024-12-07_13h04.07.781,test,2024.1.4,Win32,59.52380952,674841e51ddba29a9dee134e,67546f35f927709209cd55ea,67548d8adc0c853401c11a3b,,,,,,,,,,,,,,,,,,,,,,,,,,,,,,,,,,,,,,,,,,,,,,,,,,,,,,,,,,,,,704.7772,6,train,7,715.2626,right,1,10.4368,,715.2626,715.3624,715.3625,717.4865,space,2.0918,,0,6,6,5,1,shape_4,shape_2,shape_1,shape_2,shape_4,1,1,6,,,,,,,,,,,,,,,,,,,,,,,,,,,,,,,,,,,,,,,,,,,,,,,,,,,,,,,,,,,,,,,,,,,,,,,,,,,,,,,,,,,,,,,,,,,,,,,,,,,,,,,,,,,,,,,,,,,,,,,,,,,,,,,,,,,,,,,,,,,,,,,,,,,,,,,,,,,,,,,,,,,,,,,,
,,,,,,,,,,,,,,,618522,001,2024-12-07_13h04.07.781,test,2024.1.4,Win32,59.52380952,674841e51ddba29a9dee134e,67546f35f927709209cd55ea,67548d8adc0c853401c11a3b,,,,,,,,,,,,,,,,,,,,,,,,,,,,,,,,,,,,,,,,,,,,,,,,,,,,,,,,,,,,,717.4872,74,train,8,722.4874,left,1,4.949,,722.4874,722.5871,722.5871,723.9757,space,1.3443,,0,7,7,73,1,shape_2,shape_1,shape_2,shape_2,shape_3,2,2,74,,,,,,,,,,,,,,,,,,,,,,,,,,,,,,,,,,,,,,,,,,,,,,,,,,,,,,,,,,,,,,,,,,,,,,,,,,,,,,,,,,,,,,,,,,,,,,,,,,,,,,,,,,,,,,,,,,,,,,,,,,,,,,,,,,,,,,,,,,,,,,,,,,,,,,,,,,,,,,,,,,,,,,,,
,,,,,,,,,,,,,,,618522,001,2024-12-07_13h04.07.781,test,2024.1.4,Win32,59.52380952,674841e51ddba29a9dee134e,67546f35f927709209cd55ea,67548d8adc0c853401c11a3b,,,,,,,,,,,,,,,,,,,,,,,,,,,,,,,,,,,,,,,,,,,,,,,,,,,,,,,,,,,,,723.9763,21,train,9,728.7086,left,0,4.6969,,728.7087,728.8086,728.8086,756.0691,space,27.2262,,0,8,8,20,1,shape_4,shape_4,shape_2,shape_2,shape_2,1,1,21,,,,,,,,,,,,,,,,,,,,,,,,,,,,,,,,,,,,,,,,,,,,,,,,,,,,,,,,,,,,,,,,,,,,,,,,,,,,,,,,,,,,,,,,,,,,,,,,,,,,,,,,,,,,,,,,,,,,,,,,,,,,,,,,,,,,,,,,,,,,,,,,,,,,,,,,,,,,,,,,,,,,,,,,
,,,,,,,,,,,,,,,618522,001,2024-12-07_13h04.07.781,test,2024.1.4,Win32,59.52380952,674841e51ddba29a9dee134e,67546f35f927709209cd55ea,67548d8adc0c853401c11a3b,,,,,,,,,,,,,,,,,,,,,,,,,,,,,,,,,,,,,,,,,,,,,,,,,,,,,,,,,,,,,756.0697,97,train,10,771.1711,right,0,15.0527,,771.1711,771.2708,771.2709,775.8539,space,4.5529,,0,9,9,96,1,shape_3,shape_3,shape_3,shape_2,shape_2,2,1,97,,,,,,,,,,,,,,,,,,,,,,,,,,,,,,,,,,,,,,,,,,,,,,,,,,,,,,,,,,,,,,,,,,,,,,,,,,,,,,,,,,,,,,,,,,,,,,,,,,,,,,,,,,,,,,,,,,,,,,,,,,,,,,,,,,,,,,,,,,,,,,,,,,,,,,,,,,,,,,,,,,,,,,,,
,,,,,,,,,,,,,,,618522,001,2024-12-07_13h04.07.781,test,2024.1.4,Win32,59.52380952,674841e51ddba29a9dee134e,67546f35f927709209cd55ea,67548d8adc0c853401c11a3b,,,,,,,,,,,,,,,,,,,,,,,,,,,,,,,,,,,,,,,,,,,,,,,,,,,,,,,,,,,,,775.8544,71,train,11,783.7473,left,1,7.8459,,783.7475,783.8473,783.8473,785.1688,space,1.279,,0,10,10,70,1,shape_2,shape_2,shape_2,shape_2,shape_1,2,2,71,,,,,,,,,,,,,,,,,,,,,,,,,,,,,,,,,,,,,,,,,,,,,,,,,,,,,,,,,,,,,,,,,,,,,,,,,,,,,,,,,,,,,,,,,,,,,,,,,,,,,,,,,,,,,,,,,,,,,,,,,,,,,,,,,,,,,,,,,,,,,,,,,,,,,,,,,,,,,,,,,,,,,,,,
,,,,,,,,,,,,,,,618522,001,2024-12-07_13h04.07.781,test,2024.1.4,Win32,59.52380952,674841e51ddba29a9dee134e,67546f35f927709209cd55ea,67548d8adc0c853401c11a3b,,,,,,,,,,,,,,,,,,,,,,,,,,,,,,,,,,,,,,,,,,,,,,,,,,,,,,,,,,,,,785.1695,81,train,12,796.2907,left,1,11.091,,796.2908,796.3905,796.3906,798.8158,space,2.3905,,0,11,11,80,1,shape_2,shape_3,shape_3,shape_2,shape_1,2,2,81,,,,,,,,,,,,,,,,,,,,,,,,,,,,,,,,,,,,,,,,,,,,,,,,,,,,,,,,,,,,,,,,,,,,,,,,,,,,,,,,,,,,,,,,,,,,,,,,,,,,,,,,,,,,,,,,,,,,,,,,,,,,,,,,,,,,,,,,,,,,,,,,,,,,,,,,,,,,,,,,,,,,,,,,
,,,,,,,,,,,,,,,618522,001,2024-12-07_13h04.07.781,test,2024.1.4,Win32,59.52380952,674841e51ddba29a9dee134e,67546f35f927709209cd55ea,67548d8adc0c853401c11a3b,,,,,,,,,,,,,,,,,,,,,,,,,,,,,,,,,,,,,,,,,,,,,,,,,,,,,,,,,,,,,798.8163,15,train,13,808.6161,right,1,9.7487,,808.6162,808.716,808.716,809.9375,space,1.1836,,0,12,12,14,1,shape_1,shape_4,shape_3,shape_3,shape_4,1,1,15,,,,,,,,,,,,,,,,,,,,,,,,,,,,,,,,,,,,,,,,,,,,,,,,,,,,,,,,,,,,,,,,,,,,,,,,,,,,,,,,,,,,,,,,,,,,,,,,,,,,,,,,,,,,,,,,,,,,,,,,,,,,,,,,,,,,,,,,,,,,,,,,,,,,,,,,,,,,,,,,,,,,,,,,
,,,,,,,,,,,,,,,618522,001,2024-12-07_13h04.07.781,test,2024.1.4,Win32,59.52380952,674841e51ddba29a9dee134e,67546f35f927709209cd55ea,67548d8adc0c853401c11a3b,,,,,,,,,,,,,,,,,,,,,,,,,,,,,,,,,,,,,,,,,,,,,,,,,,,,,,,,,,,,,809.938,58,train,14,823.3162,left,1,13.3294,,823.3162,823.4164,823.4165,838.2007,space,14.7535,,0,13,13,57,1,shape_1,shape_2,shape_2,shape_2,shape_1,2,2,58,,,,,,,,,,,,,,,,,,,,,,,,,,,,,,,,,,,,,,,,,,,,,,,,,,,,,,,,,,,,,,,,,,,,,,,,,,,,,,,,,,,,,,,,,,,,,,,,,,,,,,,,,,,,,,,,,,,,,,,,,,,,,,,,,,,,,,,,,,,,,,,,,,,,,,,,,,,,,,,,,,,,,,,,
,,,,,,,,,,,,,,,618522,001,2024-12-07_13h04.07.781,test,2024.1.4,Win32,59.52380952,674841e51ddba29a9dee134e,67546f35f927709209cd55ea,67548d8adc0c853401c11a3b,,,,,,,,,,,,,,,,,,,,,,,,,,,,,,,,,,,,,,,,,,,,,,,,,,,,,,,,,,,,,838.2011,64,train,15,844.6562,left,1,6.4256,,844.6564,844.7563,844.7563,845.9275,space,1.1363,,0,14,14,63,1,shape_1,shape_3,shape_2,shape_1,shape_3,2,2,64,,,,,,,,,,,,,,,,,,,,,,,,,,,,,,,,,,,,,,,,,,,,,,,,,,,,,,,,,,,,,,,,,,,,,,,,,,,,,,,,,,,,,,,,,,,,,,,,,,,,,,,,,,,,,,,,,,,,,,,,,,,,,,,,,,,,,,,,,,,,,,,,,,,,,,,,,,,,,,,,,,,,,,,,
,,,,,,,,,,,,,,,618522,001,2024-12-07_13h04.07.781,test,2024.1.4,Win32,59.52380952,674841e51ddba29a9dee134e,67546f35f927709209cd55ea,67548d8adc0c853401c11a3b,,,,,,,,,,,,,,,,,,,,,,,,,,,,,,,,,,,,,,,,,,,,,,,,,,,,,,,,,,,,,845.928,90,train,16,851.0616,left,1,5.0877,,851.0617,851.1618,851.1618,852.1991,space,1.0034,,0,15,15,89,1,shape_2,shape_2,shape_2,shape_2,shape_2,2,2,90,,,,,,,,,,,,,,,,,,,,,,,,,,,,,,,,,,,,,,,,,,,,,,,,,,,,,,,,,,,,,,,,,,,,,,,,,,,,,,,,,,,,,,,,,,,,,,,,,,,,,,,,,,,,,,,,,,,,,,,,,,,,,,,,,,,,,,,,,,,,,,,,,,,,,,,,,,,,,,,,,,,,,,,,
,,,,,,,,,,,,,,,618522,001,2024-12-07_13h04.07.781,test,2024.1.4,Win32,59.52380952,674841e51ddba29a9dee134e,67546f35f927709209cd55ea,67548d8adc0c853401c11a3b,,,,,,,,,,,,,,,,,,,,,,,,,,,,,,,,,,,,,,,,,,,,,,,,,,,,,,,,,,,,,852.1996,60,train,17,856.7143,left,1,4.4789,,856.7143,856.8146,856.8146,857.7015,space,0.8467,,0,16,16,59,1,shape_2,shape_1,shape_2,shape_1,shape_3,2,2,60,,,,,,,,,,,,,,,,,,,,,,,,,,,,,,,,,,,,,,,,,,,,,,,,,,,,,,,,,,,,,,,,,,,,,,,,,,,,,,,,,,,,,,,,,,,,,,,,,,,,,,,,,,,,,,,,,,,,,,,,,,,,,,,,,,,,,,,,,,,,,,,,,,,,,,,,,,,,,,,,,,,,,,,,
,,,,,,,,,,,,,,,618522,001,2024-12-07_13h04.07.781,test,2024.1.4,Win32,59.52380952,674841e51ddba29a9dee134e,67546f35f927709209cd55ea,67548d8adc0c853401c11a3b,,,,,,,,,,,,,,,,,,,,,,,,,,,,,,,,,,,,,,,,,,,,,,,,,,,,,,,,,,,,,857.7021,44,train,18,860.7282,right,1,2.9776,,860.7283,860.8281,860.8282,861.6475,space,0.7893,,0,17,17,43,1,shape_3,shape_3,shape_3,shape_3,shape_3,1,1,44,,,,,,,,,,,,,,,,,,,,,,,,,,,,,,,,,,,,,,,,,,,,,,,,,,,,,,,,,,,,,,,,,,,,,,,,,,,,,,,,,,,,,,,,,,,,,,,,,,,,,,,,,,,,,,,,,,,,,,,,,,,,,,,,,,,,,,,,,,,,,,,,,,,,,,,,,,,,,,,,,,,,,,,,
,,,,,,,,,,,,,,,618522,001,2024-12-07_13h04.07.781,test,2024.1.4,Win32,59.52380952,674841e51ddba29a9dee134e,67546f35f927709209cd55ea,67548d8adc0c853401c11a3b,,,,,,,,,,,,,,,,,,,,,,,,,,,,,,,,,,,,,,,,,,,,,,,,,,,,,,,,,,,,,861.6479,12,train,19,868.4042,right,1,6.7185,,868.4043,868.5044,868.5045,869.3412,space,0.7974,,0,18,18,11,1,shape_1,shape_4,shape_3,shape_4,shape_2,1,1,12,,,,,,,,,,,,,,,,,,,,,,,,,,,,,,,,,,,,,,,,,,,,,,,,,,,,,,,,,,,,,,,,,,,,,,,,,,,,,,,,,,,,,,,,,,,,,,,,,,,,,,,,,,,,,,,,,,,,,,,,,,,,,,,,,,,,,,,,,,,,,,,,,,,,,,,,,,,,,,,,,,,,,,,,
,,,,,,,,,,,,,,,618522,001,2024-12-07_13h04.07.781,test,2024.1.4,Win32,59.52380952,674841e51ddba29a9dee134e,67546f35f927709209cd55ea,67548d8adc0c853401c11a3b,,,,,,,,,,,,,,,,,,,,,,,,,,,,,,,,,,,,,,,,,,,,,,,,,,,,,,,,,,,,,869.3419,45,train,20,873.271,right,1,3.8868,,873.2713,873.3713,873.3714,874.0404,space,0.6233,,0,19,19,44,1,shape_3,shape_3,shape_3,shape_3,shape_4,1,1,45,,,,,,,,,,,,,,,,,,,,,,,,,,,,,,,,,,,,,,,,,,,,,,,,,,,,,,,,,,,,,,,,,,,,,,,,,,,,,,,,,,,,,,,,,,,,,,,,,,,,,,,,,,,,,,,,,,,,,,,,,,,,,,,,,,,,,,,,,,,,,,,,,,,,,,,,,,,,,,,,,,,,,,,,
,,,,,,,,,,,,,,,618522,001,2024-12-07_13h04.07.781,test,2024.1.4,Win32,59.52380952,674841e51ddba29a9dee134e,67546f35f927709209cd55ea,67548d8adc0c853401c11a3b,,,,,,,,,,,,,,,,,,,,,,,,,,,,,,,,,,,,,,,,,,,,,,,,,,,,,,,,,,,,,874.041,33,train,21,876.6326,right,1,2.5683,,876.6327,876.7329,876.7329,877.3849,space,0.6235,,0,20,20,32,1,shape_3,shape_3,shape_3,shape_3,shape_2,1,1,33,,,,,,,,,,,,,,,,,,,,,,,,,,,,,,,,,,,,,,,,,,,,,,,,,,,,,,,,,,,,,,,,,,,,,,,,,,,,,,,,,,,,,,,,,,,,,,,,,,,,,,,,,,,,,,,,,,,,,,,,,,,,,,,,,,,,,,,,,,,,,,,,,,,,,,,,,,,,,,,,,,,,,,,,
,,,,,,,,,,,,,,,618522,001,2024-12-07_13h04.07.781,test,2024.1.4,Win32,59.52380952,674841e51ddba29a9dee134e,67546f35f927709209cd55ea,67548d8adc0c853401c11a3b,,,,,,,,,,,,,,,,,,,,,,,,,,,,,,,,,,,,,,,,,,,,,,,,,,,,,,,,,,,,,877.3853,2,train,22,881.1983,left,0,3.7791,,881.1984,881.2984,881.2985,889.0921,space,7.7552,,0,21,21,1,1,shape_3,shape_2,shape_2,shape_1,shape_2,1,2,2,,,,,,,,,,,,,,,,,,,,,,,,,,,,,,,,,,,,,,,,,,,,,,,,,,,,,,,,,,,,,,,,,,,,,,,,,,,,,,,,,,,,,,,,,,,,,,,,,,,,,,,,,,,,,,,,,,,,,,,,,,,,,,,,,,,,,,,,,,,,,,,,,,,,,,,,,,,,,,,,,,,,,,,,
,,,,,,,,,,,,,,,618522,001,2024-12-07_13h04.07.781,test,2024.1.4,Win32,59.52380952,674841e51ddba29a9dee134e,67546f35f927709209cd55ea,67548d8adc0c853401c11a3b,,,,,,,,,,,,,,,,,,,,,,,,,,,,,,,,,,,,,,,,,,,,,,,,,,,,,,,,,,,,,889.0927,27,train,23,896.1998,left,0,7.0755,,896.1999,896.2997,896.2998,900.9161,space,4.5931,,0,22,22,26,1,shape_3,shape_2,shape_2,shape_3,shape_4,1,1,27,,,,,,,,,,,,,,,,,,,,,,,,,,,,,,,,,,,,,,,,,,,,,,,,,,,,,,,,,,,,,,,,,,,,,,,,,,,,,,,,,,,,,,,,,,,,,,,,,,,,,,,,,,,,,,,,,,,,,,,,,,,,,,,,,,,,,,,,,,,,,,,,,,,,,,,,,,,,,,,,,,,,,,,,
,,,,,,,,,,,,,,,618522,001,2024-12-07_13h04.07.781,test,2024.1.4,Win32,59.52380952,674841e51ddba29a9dee134e,67546f35f927709209cd55ea,67548d8adc0c853401c11a3b,,,,,,,,,,,,,,,,,,,,,,,,,,,,,,,,,,,,,,,,,,,,,,,,,,,,,,,,,,,,,900.9167,55,train,24,926.8553,left,1,25.9003,,926.8554,926.955,926.955,928.0424,space,1.0582,,0,23,23,54,1,shape_1,shape_1,shape_2,shape_1,shape_4,2,2,55,,,,,,,,,,,,,,,,,,,,,,,,,,,,,,,,,,,,,,,,,,,,,,,,,,,,,,,,,,,,,,,,,,,,,,,,,,,,,,,,,,,,,,,,,,,,,,,,,,,,,,,,,,,,,,,,,,,,,,,,,,,,,,,,,,,,,,,,,,,,,,,,,,,,,,,,,,,,,,,,,,,,,,,,
,,,,,,,,,,,,,,,618522,001,2024-12-07_13h04.07.781,test,2024.1.4,Win32,59.52380952,674841e51ddba29a9dee134e,67546f35f927709209cd55ea,67548d8adc0c853401c11a3b,,,,,,,,,,,,,,,,,,,,,,,,,,,,,,,,,,,,,,,,,,,,,,,,,,,,,,,,,,,,,928.043,76,train,25,934.9158,left,1,6.8313,,934.9159,935.0161,935.0162,935.886,space,0.8359,,0,24,24,75,1,shape_2,shape_1,shape_2,shape_2,shape_3,2,2,76,,,,,,,,,,,,,,,,,,,,,,,,,,,,,,,,,,,,,,,,,,,,,,,,,,,,,,,,,,,,,,,,,,,,,,,,,,,,,,,,,,,,,,,,,,,,,,,,,,,,,,,,,,,,,,,,,,,,,,,,,,,,,,,,,,,,,,,,,,,,,,,,,,,,,,,,,,,,,,,,,,,,,,,,
,,,,,,,,,,,,,,,618522,001,2024-12-07_13h04.07.781,test,2024.1.4,Win32,59.52380952,674841e51ddba29a9dee134e,67546f35f927709209cd55ea,67548d8adc0c853401c11a3b,,,,,,,,,,,,,,,,,,,,,,,,,,,,,,,,,,,,,,,,,,,,,,,,,,,,,,,,,,,,,935.8865,82,train,26,941.221,right,0,5.2916,,941.2211,941.3208,941.3209,944.6494,space,3.3007,,0,25,25,81,1,shape_2,shape_4,shape_1,shape_3,shape_2,2,2,82,,,,,,,,,,,,,,,,,,,,,,,,,,,,,,,,,,,,,,,,,,,,,,,,,,,,,,,,,,,,,,,,,,,,,,,,,,,,,,,,,,,,,,,,,,,,,,,,,,,,,,,,,,,,,,,,,,,,,,,,,,,,,,,,,,,,,,,,,,,,,,,,,,,,,,,,,,,,,,,,,,,,,,,,
,,,,,,,,,,,,,,,618522,001,2024-12-07_13h04.07.781,test,2024.1.4,Win32,59.52380952,674841e51ddba29a9dee134e,67546f35f927709209cd55ea,67548d8adc0c853401c11a3b,,,,,,,,,,,,,,,,,,,,,,,,,,,,,,,,,,,,,,,,,,,,,,,,,,,,,,,,,,,,,944.6499,86,train,27,949.3152,right,0,4.6291,,949.3152,949.4153,949.4153,950.9209,space,1.4745,,0,26,26,85,1,shape_3,shape_2,shape_1,shape_3,shape_3,2,2,86,,,,,,,,,,,,,,,,,,,,,,,,,,,,,,,,,,,,,,,,,,,,,,,,,,,,,,,,,,,,,,,,,,,,,,,,,,,,,,,,,,,,,,,,,,,,,,,,,,,,,,,,,,,,,,,,,,,,,,,,,,,,,,,,,,,,,,,,,,,,,,,,,,,,,,,,,,,,,,,,,,,,,,,,
,,,,,,,,,,,,,,,618522,001,2024-12-07_13h04.07.781,test,2024.1.4,Win32,59.52380952,674841e51ddba29a9dee134e,67546f35f927709209cd55ea,67548d8adc0c853401c11a3b,,,,,,,,,,,,,,,,,,,,,,,,,,,,,,,,,,,,,,,,,,,,,,,,,,,,,,,,,,,,,950.9215,31,train,28,957.7944,right,1,6.8184,,957.7947,957.8943,957.8944,958.4465,space,0.5131,,0,27,27,30,1,shape_4,shape_4,shape_2,shape_4,shape_2,1,1,31,,,,,,,,,,,,,,,,,,,,,,,,,,,,,,,,,,,,,,,,,,,,,,,,,,,,,,,,,,,,,,,,,,,,,,,,,,,,,,,,,,,,,,,,,,,,,,,,,,,,,,,,,,,,,,,,,,,,,,,,,,,,,,,,,,,,,,,,,,,,,,,,,,,,,,,,,,,,,,,,,,,,,,,,
,,,,,,,,,,,,,,,618522,001,2024-12-07_13h04.07.781,test,2024.1.4,Win32,59.52380952,674841e51ddba29a9dee134e,67546f35f927709209cd55ea,67548d8adc0c853401c11a3b,,,,,,,,,,,,,,,,,,,,,,,,,,,,,,,,,,,,,,,,,,,,,,,,,,,,,,,,,,,,,958.447,53,train,29,961.4402,left,1,2.9376,,961.4403,961.5402,961.5403,962.1598,space,0.585,,0,28,28,52,1,shape_3,shape_2,shape_1,shape_1,shape_1,2,2,53,,,,,,,,,,,,,,,,,,,,,,,,,,,,,,,,,,,,,,,,,,,,,,,,,,,,,,,,,,,,,,,,,,,,,,,,,,,,,,,,,,,,,,,,,,,,,,,,,,,,,,,,,,,,,,,,,,,,,,,,,,,,,,,,,,,,,,,,,,,,,,,,,,,,,,,,,,,,,,,,,,,,,,,,
,,,,,,,,,,,,,,,618522,001,2024-12-07_13h04.07.781,test,2024.1.4,Win32,59.52380952,674841e51ddba29a9dee134e,67546f35f927709209cd55ea,67548d8adc0c853401c11a3b,,,,,,,,,,,,,,,,,,,,,,,,,,,,,,,,,,,,,,,,,,,,,,,,,,,,,,,,,,,,,962.1603,46,train,30,967.5613,right,1,5.3633,,967.5614,967.6612,967.6612,968.3138,space,0.6192,,0,29,29,45,1,shape_3,shape_3,shape_3,shape_3,shape_4,1,1,46,,,,,,,,,,,,,,,,,,,,,,,,,,,,,,,,,,,,,,,,,,,,,,,,,,,,,,,,,,,,,,,,,,,,,,,,,,,,,,,,,,,,,,,,,,,,,,,,,,,,,,,,,,,,,,,,,,,,,,,,,,,,,,,,,,,,,,,,,,,,,,,,,,,,,,,,,,,,,,,,,,,,,,,,
,,,,,,,,,,,,,,,618522,001,2024-12-07_13h04.07.781,test,2024.1.4,Win32,59.52380952,674841e51ddba29a9dee134e,67546f35f927709209cd55ea,67548d8adc0c853401c11a3b,,,,,,,,,,,,,,,,,,,,,,,,,,,,,,,,,,,,,,,,,,,,,,,,,,,,,,,,,,,,,968.3144,72,train,31,973.8329,right,0,5.4619,,973.8329,973.9331,973.9331,975.1039,space,1.1254,,0,30,30,71,1,shape_2,shape_2,shape_2,shape_2,shape_1,2,2,72,,,,,,,,,,,,,,,,,,,,,,,,,,,,,,,,,,,,,,,,,,,,,,,,,,,,,,,,,,,,,,,,,,,,,,,,,,,,,,,,,,,,,,,,,,,,,,,,,,,,,,,,,,,,,,,,,,,,,,,,,,,,,,,,,,,,,,,,,,,,,,,,,,,,,,,,,,,,,,,,,,,,,,,,
,,,,,,,,,,,,,,,618522,001,2024-12-07_13h04.07.781,test,2024.1.4,Win32,59.52380952,674841e51ddba29a9dee134e,67546f35f927709209cd55ea,67548d8adc0c853401c11a3b,,,,,,,,,,,,,,,,,,,,,,,,,,,,,,,,,,,,,,,,,,,,,,,,,,,,,,,,,,,,,975.1044,30,train,32,977.9469,right,1,2.8006,,977.947,978.0471,978.0472,978.6825,space,0.5978,,0,31,31,29,1,shape_2,shape_3,shape_4,shape_2,shape_4,1,1,30,,,,,,,,,,,,,,,,,,,,,,,,,,,,,,,,,,,,,,,,,,,,,,,,,,,,,,,,,,,,,,,,,,,,,,,,,,,,,,,,,,,,,,,,,,,,,,,,,,,,,,,,,,,,,,,,,,,,,,,,,,,,,,,,,,,,,,,,,,,,,,,,,,,,,,,,,,,,,,,,,,,,,,,,
,,,,,,,,,,,,,,,618522,001,2024-12-07_13h04.07.781,test,2024.1.4,Win32,59.52380952,674841e51ddba29a9dee134e,67546f35f927709209cd55ea,67548d8adc0c853401c11a3b,,,,,,,,,,,,,,,,,,,,,,,,,,,,,,,,,,,,,,,,,,,,,,,,,,,,,,,,,,,,,978.6829,36,train,33,981.8098,right,1,3.0816,,981.8098,981.9102,981.9102,982.4454,space,0.4817,,0,32,32,35,1,shape_4,shape_2,shape_3,shape_3,shape_3,1,1,36,,,,,,,,,,,,,,,,,,,,,,,,,,,,,,,,,,,,,,,,,,,,,,,,,,,,,,,,,,,,,,,,,,,,,,,,,,,,,,,,,,,,,,,,,,,,,,,,,,,,,,,,,,,,,,,,,,,,,,,,,,,,,,,,,,,,,,,,,,,,,,,,,,,,,,,,,,,,,,,,,,,,,,,,
,,,,,,,,,,,,,,,618522,001,2024-12-07_13h04.07.781,test,2024.1.4,Win32,59.52380952,674841e51ddba29a9dee134e,67546f35f927709209cd55ea,67548d8adc0c853401c11a3b,,,,,,,,,,,,,,,,,,,,,,,,,,,,,,,,,,,,,,,,,,,,,,,,,,,,,,,,,,,,,982.4458,68,train,34,987.3958,left,1,4.9182,,987.3959,987.4959,987.496,988.2322,space,0.6984,,0,33,33,67,1,shape_3,shape_2,shape_1,shape_4,shape_1,2,2,68,,,,,,,,,,,,,,,,,,,,,,,,,,,,,,,,,,,,,,,,,,,,,,,,,,,,,,,,,,,,,,,,,,,,,,,,,,,,,,,,,,,,,,,,,,,,,,,,,,,,,,,,,,,,,,,,,,,,,,,,,,,,,,,,,,,,,,,,,,,,,,,,,,,,,,,,,,,,,,,,,,,,,,,,
,,,,,,,,,,,,,,,618522,001,2024-12-07_13h04.07.781,test,2024.1.4,Win32,59.52380952,674841e51ddba29a9dee134e,67546f35f927709209cd55ea,67548d8adc0c853401c11a3b,,,,,,,,,,,,,,,,,,,,,,,,,,,,,,,,,,,,,,,,,,,,,,,,,,,,,,,,,,,,,988.2327,65,train,35,996.3768,left,1,8.0963,,996.3769,996.4767,996.4767,997.2632,space,0.7521,,0,34,34,64,1,shape_1,shape_3,shape_2,shape_1,shape_3,2,2,65,,,,,,,,,,,,,,,,,,,,,,,,,,,,,,,,,,,,,,,,,,,,,,,,,,,,,,,,,,,,,,,,,,,,,,,,,,,,,,,,,,,,,,,,,,,,,,,,,,,,,,,,,,,,,,,,,,,,,,,,,,,,,,,,,,,,,,,,,,,,,,,,,,,,,,,,,,,,,,,,,,,,,,,,
,,,,,,,,,,,,,,,618522,001,2024-12-07_13h04.07.781,test,2024.1.4,Win32,59.52380952,674841e51ddba29a9dee134e,67546f35f927709209cd55ea,67548d8adc0c853401c11a3b,,,,,,,,,,,,,,,,,,,,,,,,,,,,,,,,,,,,,,,,,,,,,,,,,,,,,,,,,,,,,997.2637,38,train,36,999.8553,right,1,2.553,,999.8553,999.9553,999.9553,1000.8421,space,0.8544,,0,35,35,37,1,shape_3,shape_3,shape_2,shape_4,shape_4,1,1,38,,,,,,,,,,,,,,,,,,,,,,,,,,,,,,,,,,,,,,,,,,,,,,,,,,,,,,,,,,,,,,,,,,,,,,,,,,,,,,,,,,,,,,,,,,,,,,,,,,,,,,,,,,,,,,,,,,,,,,,,,,,,,,,,,,,,,,,,,,,,,,,,,,,,,,,,,,,,,,,,,,,,,,,,
,,,,,,,,,,,,,,,618522,001,2024-12-07_13h04.07.781,test,2024.1.4,Win32,59.52380952,674841e51ddba29a9dee134e,67546f35f927709209cd55ea,67548d8adc0c853401c11a3b,,,,,,,,,,,,,,,,,,,,,,,,,,,,,,,,,,,,,,,,,,,,,,,,,,,,,,,,,,,,,1000.8428,85,train,37,1005.8592,left,1,4.9693,,1005.8593,1005.9593,1005.9593,1006.7959,space,0.7998,,0,36,36,84,1,shape_3,shape_2,shape_1,shape_3,shape_3,2,2,85,,,,,,,,,,,,,,,,,,,,,,,,,,,,,,,,,,,,,,,,,,,,,,,,,,,,,,,,,,,,,,,,,,,,,,,,,,,,,,,,,,,,,,,,,,,,,,,,,,,,,,,,,,,,,,,,,,,,,,,,,,,,,,,,,,,,,,,,,,,,,,,,,,,,,,,,,,,,,,,,,,,,,,,,
,,,,,,,,,,,,,,,618522,001,2024-12-07_13h04.07.781,test,2024.1.4,Win32,59.52380952,674841e51ddba29a9dee134e,67546f35f927709209cd55ea,67548d8adc0c853401c11a3b,,,,,,,,,,,,,,,,,,,,,,,,,,,,,,,,,,,,,,,,,,,,,,,,,,,,,,,,,,,,,1006.7965,51,train,38,1009.2041,left,1,2.3676,,1009.2042,1009.3042,1009.3042,1010.2412,space,0.9053,,0,37,37,50,1,shape_1,shape_2,shape_1,shape_1,shape_1,2,2,51,,,,,,,,,,,,,,,,,,,,,,,,,,,,,,,,,,,,,,,,,,,,,,,,,,,,,,,,,,,,,,,,,,,,,,,,,,,,,,,,,,,,,,,,,,,,,,,,,,,,,,,,,,,,,,,,,,,,,,,,,,,,,,,,,,,,,,,,,,,,,,,,,,,,,,,,,,,,,,,,,,,,,,,,
,,,,,,,,,,,,,,,618522,001,2024-12-07_13h04.07.781,test,2024.1.4,Win32,59.52380952,674841e51ddba29a9dee134e,67546f35f927709209cd55ea,67548d8adc0c853401c11a3b,,,,,,,,,,,,,,,,,,,,,,,,,,,,,,,,,,,,,,,,,,,,,,,,,,,,,,,,,,,,,1010.2416,20,train,39,1016.1625,right,1,5.8804,,1016.1625,1016.2611,1016.2611,1016.9974,space,0.6992,,0,38,38,19,1,shape_2,shape_2,shape_3,shape_2,shape_4,1,1,20,,,,,,,,,,,,,,,,,,,,,,,,,,,,,,,,,,,,,,,,,,,,,,,,,,,,,,,,,,,,,,,,,,,,,,,,,,,,,,,,,,,,,,,,,,,,,,,,,,,,,,,,,,,,,,,,,,,,,,,,,,,,,,,,,,,,,,,,,,,,,,,,,,,,,,,,,,,,,,,,,,,,,,,,
,,,,,,,,,,,,,,,618522,001,2024-12-07_13h04.07.781,test,2024.1.4,Win32,59.52380952,674841e51ddba29a9dee134e,67546f35f927709209cd55ea,67548d8adc0c853401c11a3b,,,,,,,,,,,,,,,,,,,,,,,,,,,,,,,,,,,,,,,,,,,,,,,,,,,,,,,,,,,,,1016.998,93,train,40,1021.3457,left,1,4.3102,,1021.3458,1021.4458,1021.4459,1022.5332,space,1.0509,,0,39,39,92,1,shape_2,shape_2,shape_2,shape_4,shape_2,2,2,93,,,,,,,,,,,,,,,,,,,,,,,,,,,,,,,,,,,,,,,,,,,,,,,,,,,,,,,,,,,,,,,,,,,,,,,,,,,,,,,,,,,,,,,,,,,,,,,,,,,,,,,,,,,,,,,,,,,,,,,,,,,,,,,,,,,,,,,,,,,,,,,,,,,,,,,,,,,,,,,,,,,,,,,,
,,,,,,,,,,,,,,,618522,001,2024-12-07_13h04.07.781,test,2024.1.4,Win32,59.52380952,674841e51ddba29a9dee134e,67546f35f927709209cd55ea,67548d8adc0c853401c11a3b,,,,,,,,,,,,,,,,,,,,,,,,,,,,,,,,,,,,,,,,,,,,,,,,,,,,,,,,,,,,,1022.5339,92,train,41,1026.2959,left,1,3.7318,,1026.296,1026.3962,1026.3963,1027.1657,space,0.735,,0,40,40,91,1,shape_2,shape_2,shape_3,shape_2,shape_2,2,2,92,,,,,,,,,,,,,,,,,,,,,,,,,,,,,,,,,,,,,,,,,,,,,,,,,,,,,,,,,,,,,,,,,,,,,,,,,,,,,,,,,,,,,,,,,,,,,,,,,,,,,,,,,,,,,,,,,,,,,,,,,,,,,,,,,,,,,,,,,,,,,,,,,,,,,,,,,,,,,,,,,,,,,,,,
,,,,,,,,,,,,,,,618522,001,2024-12-07_13h04.07.781,test,2024.1.4,Win32,59.52380952,674841e51ddba29a9dee134e,67546f35f927709209cd55ea,67548d8adc0c853401c11a3b,,,,,,,,,,,,,,,,,,,,,,,,,,,,,,,,,,,,,,,,,,,,,,,,,,,,,,,,,,,,,1027.1663,40,train,42,1033.0692,right,1,5.8582,,1033.0693,1033.1695,1033.1695,1033.755,space,0.5403,,0,41,41,39,1,shape_3,shape_3,shape_2,shape_4,shape_4,1,1,40,,,,,,,,,,,,,,,,,,,,,,,,,,,,,,,,,,,,,,,,,,,,,,,,,,,,,,,,,,,,,,,,,,,,,,,,,,,,,,,,,,,,,,,,,,,,,,,,,,,,,,,,,,,,,,,,,,,,,,,,,,,,,,,,,,,,,,,,,,,,,,,,,,,,,,,,,,,,,,,,,,,,,,,,
,,,,,,,,,,,,,,,618522,001,2024-12-07_13h04.07.781,test,2024.1.4,Win32,59.52380952,674841e51ddba29a9dee134e,67546f35f927709209cd55ea,67548d8adc0c853401c11a3b,,,,,,,,,,,,,,,,,,,,,,,,,,,,,,,,,,,,,,,,,,,,,,,,,,,,,,,,,,,,,1033.7557,43,train,43,1035.1264,right,1,1.3413,,1035.1265,1035.2265,1035.2266,1035.8622,space,0.6074,,0,42,42,42,1,shape_3,shape_4,shape_2,shape_4,shape_4,1,1,43,,,,,,,,,,,,,,,,,,,,,,,,,,,,,,,,,,,,,,,,,,,,,,,,,,,,,,,,,,,,,,,,,,,,,,,,,,,,,,,,,,,,,,,,,,,,,,,,,,,,,,,,,,,,,,,,,,,,,,,,,,,,,,,,,,,,,,,,,,,,,,,,,,,,,,,,,,,,,,,,,,,,,,,,
,,,,,,,,,,,,,,,618522,001,2024-12-07_13h04.07.781,test,2024.1.4,Win32,59.52380952,674841e51ddba29a9dee134e,67546f35f927709209cd55ea,67548d8adc0c853401c11a3b,,,,,,,,,,,,,,,,,,,,,,,,,,,,,,,,,,,,,,,,,,,,,,,,,,,,,,,,,,,,,1035.8628,32,train,44,1037.8858,right,1,1.9765,,1037.8858,1037.986,1037.9861,1038.5711,space,0.5437,,0,43,43,31,1,shape_3,shape_3,shape_3,shape_3,shape_2,1,1,32,,,,,,,,,,,,,,,,,,,,,,,,,,,,,,,,,,,,,,,,,,,,,,,,,,,,,,,,,,,,,,,,,,,,,,,,,,,,,,,,,,,,,,,,,,,,,,,,,,,,,,,,,,,,,,,,,,,,,,,,,,,,,,,,,,,,,,,,,,,,,,,,,,,,,,,,,,,,,,,,,,,,,,,,
,,,,,,,,,,,,,,,618522,001,2024-12-07_13h04.07.781,test,2024.1.4,Win32,59.52380952,674841e51ddba29a9dee134e,67546f35f927709209cd55ea,67548d8adc0c853401c11a3b,,,,,,,,,,,,,,,,,,,,,,,,,,,,,,,,,,,,,,,,,,,,,,,,,,,,,,,,,,,,,1038.5716,61,train,45,1042.1336,left,1,3.5296,,1042.1337,1042.2335,1042.2336,1042.8361,space,0.5715,,0,44,44,60,1,shape_2,shape_1,shape_2,shape_1,shape_3,2,2,61,,,,,,,,,,,,,,,,,,,,,,,,,,,,,,,,,,,,,,,,,,,,,,,,,,,,,,,,,,,,,,,,,,,,,,,,,,,,,,,,,,,,,,,,,,,,,,,,,,,,,,,,,,,,,,,,,,,,,,,,,,,,,,,,,,,,,,,,,,,,,,,,,,,,,,,,,,,,,,,,,,,,,,,,
,,,,,,,,,,,,,,,618522,001,2024-12-07_13h04.07.781,test,2024.1.4,Win32,59.52380952,674841e51ddba29a9dee134e,67546f35f927709209cd55ea,67548d8adc0c853401c11a3b,,,,,,,,,,,,,,,,,,,,,,,,,,,,,,,,,,,,,,,,,,,,,,,,,,,,,,,,,,,,,1042.8366,34,train,46,1044.7427,right,1,1.8616,,1044.7428,1044.8426,1044.8426,1045.3615,space,0.4824,,0,45,45,33,1,shape_4,shape_2,shape_3,shape_3,shape_3,1,1,34,,,,,,,,,,,,,,,,,,,,,,,,,,,,,,,,,,,,,,,,,,,,,,,,,,,,,,,,,,,,,,,,,,,,,,,,,,,,,,,,,,,,,,,,,,,,,,,,,,,,,,,,,,,,,,,,,,,,,,,,,,,,,,,,,,,,,,,,,,,,,,,,,,,,,,,,,,,,,,,,,,,,,,,,
,,,,,,,,,,,,,,,618522,001,2024-12-07_13h04.07.781,test,2024.1.4,Win32,59.52380952,674841e51ddba29a9dee134e,67546f35f927709209cd55ea,67548d8adc0c853401c11a3b,,,,,,,,,,,,,,,,,,,,,,,,,,,,,,,,,,,,,,,,,,,,,,,,,,,,,,,,,,,,,1045.362,3,train,47,1047.7864,left,0,2.3829,,1047.7865,1047.8864,1047.8864,1052.4357,space,4.5136,,0,46,46,2,1,shape_3,shape_2,shape_3,shape_2,shape_1,1,2,3,,,,,,,,,,,,,,,,,,,,,,,,,,,,,,,,,,,,,,,,,,,,,,,,,,,,,,,,,,,,,,,,,,,,,,,,,,,,,,,,,,,,,,,,,,,,,,,,,,,,,,,,,,,,,,,,,,,,,,,,,,,,,,,,,,,,,,,,,,,,,,,,,,,,,,,,,,,,,,,,,,,,,,,,
,,,,,,,,,,,,,,,618522,001,2024-12-07_13h04.07.781,test,2024.1.4,Win32,59.52380952,674841e51ddba29a9dee134e,67546f35f927709209cd55ea,67548d8adc0c853401c11a3b,,,,,,,,,,,,,,,,,,,,,,,,,,,,,,,,,,,,,,,,,,,,,,,,,,,,,,,,,,,,,1052.4362,42,train,48,1054.4429,right,1,1.9559,,1054.443,1054.5429,1054.5429,1055.1784,space,0.5966,,0,47,47,41,1,shape_3,shape_4,shape_2,shape_4,shape_4,1,1,42,,,,,,,,,,,,,,,,,,,,,,,,,,,,,,,,,,,,,,,,,,,,,,,,,,,,,,,,,,,,,,,,,,,,,,,,,,,,,,,,,,,,,,,,,,,,,,,,,,,,,,,,,,,,,,,,,,,,,,,,,,,,,,,,,,,,,,,,,,,,,,,,,,,,,,,,,,,,,,,,,,,,,,,,
,,,,,,,,,,,,,,,618522,001,2024-12-07_13h04.07.781,test,2024.1.4,Win32,59.52380952,674841e51ddba29a9dee134e,67546f35f927709209cd55ea,67548d8adc0c853401c11a3b,,,,,,,,,,,,,,,,,,,,,,,,,,,,,,,,,,,,,,,,,,,,,,,,,,,,,,,,,,,,,1055.1792,28,train,49,1056.3658,right,1,1.1397,,1056.3659,1056.4661,1056.4662,1057.1518,space,0.6447,,0,48,48,27,1,shape_2,shape_3,shape_4,shape_2,shape_4,1,1,28,,,,,,,,,,,,,,,,,,,,,,,,,,,,,,,,,,,,,,,,,,,,,,,,,,,,,,,,,,,,,,,,,,,,,,,,,,,,,,,,,,,,,,,,,,,,,,,,,,,,,,,,,,,,,,,,,,,,,,,,,,,,,,,,,,,,,,,,,,,,,,,,,,,,,,,,,,,,,,,,,,,,,,,,
,,,,,,,,,,,,,,,618522,001,2024-12-07_13h04.07.781,test,2024.1.4,Win32,59.52380952,674841e51ddba29a9dee134e,67546f35f927709209cd55ea,67548d8adc0c853401c11a3b,,,,,,,,,,,,,,,,,,,,,,,,,,,,,,,,,,,,,,,,,,,,,,,,,,,,,,,,,,,,,1057.1524,99,train,50,1058.7073,right,0,1.5075,,1058.7074,1058.8072,1058.8073,1062.0186,space,3.179,,0,49,49,98,1,shape_3,shape_3,shape_3,shape_3,shape_2,2,1,99,,,,,,,,,,,,,,,,,,,,,,,,,,,,,,,,,,,,,,,,,,,,,,,,,,,,,,,,,,,,,,,,,,,,,,,,,,,,,,,,,,,,,,,,,,,,,,,,,,,,,,,,,,,,,,,,,,,,,,,,,,,,,,,,,,,,,,,,,,,,,,,,,,,,,,,,,,,,,,,,,,,,,,,,
,,,,,,,,,,,,,,,618522,001,2024-12-07_13h04.07.781,test,2024.1.4,Win32,59.52380952,674841e51ddba29a9dee134e,67546f35f927709209cd55ea,67548d8adc0c853401c11a3b,,,,,,,,,,,,,,,,,,,,,,,,,,,,,,,,,,,,,,,,,,,,,,,,,,,,,,,,,,,,,1062.0191,77,train,51,1065.079,left,1,3.0191,,1065.0791,1065.1792,1065.1792,1065.7814,space,0.5711,,0,50,50,76,1,shape_2,shape_2,shape_4,shape_1,shape_2,2,2,77,,,,,,,,,,,,,,,,,,,,,,,,,,,,,,,,,,,,,,,,,,,,,,,,,,,,,,,,,,,,,,,,,,,,,,,,,,,,,,,,,,,,,,,,,,,,,,,,,,,,,,,,,,,,,,,,,,,,,,,,,,,,,,,,,,,,,,,,,,,,,,,,,,,,,,,,,,,,,,,,,,,,,,,,
,,,,,,,,,,,,,,,618522,001,2024-12-07_13h04.07.781,test,2024.1.4,Win32,59.52380952,674841e51ddba29a9dee134e,67546f35f927709209cd55ea,67548d8adc0c853401c11a3b,,,,,,,,,,,,,,,,,,,,,,,,,,,,,,,,,,,,,,,,,,,,,,,,,,,,,,,,,,,,,1065.782,87,train,52,1068.8921,right,0,3.0623,,1068.8921,1068.9923,1068.9924,1069.6449,space,0.6061,,0,51,51,86,1,shape_3,shape_2,shape_1,shape_4,shape_3,2,1,87,,,,,,,,,,,,,,,,,,,,,,,,,,,,,,,,,,,,,,,,,,,,,,,,,,,,,,,,,,,,,,,,,,,,,,,,,,,,,,,,,,,,,,,,,,,,,,,,,,,,,,,,,,,,,,,,,,,,,,,,,,,,,,,,,,,,,,,,,,,,,,,,,,,,,,,,,,,,,,,,,,,,,,,,
,,,,,,,,,,,,,,,618522,001,2024-12-07_13h04.07.781,test,2024.1.4,Win32,59.52380952,674841e51ddba29a9dee134e,67546f35f927709209cd55ea,67548d8adc0c853401c11a3b,,,,,,,,,,,,,,,,,,,,,,,,,,,,,,,,,,,,,,,,,,,,,,,,,,,,,,,,,,,,,1069.6454,25,train,53,1071.9191,right,1,2.2372,,1071.9192,1072.0192,1072.0192,1072.5713,space,0.5233,,0,52,52,24,1,shape_3,shape_2,shape_2,shape_3,shape_4,1,1,25,,,,,,,,,,,,,,,,,,,,,,,,,,,,,,,,,,,,,,,,,,,,,,,,,,,,,,,,,,,,,,,,,,,,,,,,,,,,,,,,,,,,,,,,,,,,,,,,,,,,,,,,,,,,,,,,,,,,,,,,,,,,,,,,,,,,,,,,,,,,,,,,,,,,,,,,,,,,,,,,,,,,,,,,
,,,,,,,,,,,,,,,618522,001,2024-12-07_13h04.07.781,test,2024.1.4,Win32,59.52380952,674841e51ddba29a9dee134e,67546f35f927709209cd55ea,67548d8adc0c853401c11a3b,,,,,,,,,,,,,,,,,,,,,,,,,,,,,,,,,,,,,,,,,,,,,,,,,,,,,,,,,,,,,1072.5717,24,train,54,1074.4614,right,1,1.8756,,1074.4614,1074.5614,1074.5616,1075.3141,space,0.7379,,0,53,53,23,1,shape_3,shape_2,shape_2,shape_3,shape_4,1,1,24,,,,,,,,,,,,,,,,,,,,,,,,,,,,,,,,,,,,,,,,,,,,,,,,,,,,,,,,,,,,,,,,,,,,,,,,,,,,,,,,,,,,,,,,,,,,,,,,,,,,,,,,,,,,,,,,,,,,,,,,,,,,,,,,,,,,,,,,,,,,,,,,,,,,,,,,,,,,,,,,,,,,,,,,
,,,,,,,,,,,,,,,618522,001,2024-12-07_13h04.07.781,test,2024.1.4,Win32,59.52380952,674841e51ddba29a9dee134e,67546f35f927709209cd55ea,67548d8adc0c853401c11a3b,,,,,,,,,,,,,,,,,,,,,,,,,,,,,,,,,,,,,,,,,,,,,,,,,,,,,,,,,,,,,1075.3147,63,train,55,1080.6993,left,1,5.3334,,1080.6995,1080.7659,1080.7659,1081.569,space,0.7708,,0,54,54,62,1,shape_1,shape_4,shape_1,shape_2,shape_2,2,2,63,,,,,,,,,,,,,,,,,,,,,,,,,,,,,,,,,,,,,,,,,,,,,,,,,,,,,,,,,,,,,,,,,,,,,,,,,,,,,,,,,,,,,,,,,,,,,,,,,,,,,,,,,,,,,,,,,,,,,,,,,,,,,,,,,,,,,,,,,,,,,,,,,,,,,,,,,,,,,,,,,,,,,,,,
,,,,,,,,,,,,,,,618522,001,2024-12-07_13h04.07.781,test,2024.1.4,Win32,59.52380952,674841e51ddba29a9dee134e,67546f35f927709209cd55ea,67548d8adc0c853401c11a3b,,,,,,,,,,,,,,,,,,,,,,,,,,,,,,,,,,,,,,,,,,,,,,,,,,,,,,,,,,,,,1081.5695,62,train,56,1083.8433,left,1,2.2252,,1083.8434,1083.9433,1083.9433,1084.5795,space,0.5949,,0,55,55,61,1,shape_2,shape_1,shape_2,shape_1,shape_3,2,2,62,,,,,,,,,,,,,,,,,,,,,,,,,,,,,,,,,,,,,,,,,,,,,,,,,,,,,,,,,,,,,,,,,,,,,,,,,,,,,,,,,,,,,,,,,,,,,,,,,,,,,,,,,,,,,,,,,,,,,,,,,,,,,,,,,,,,,,,,,,,,,,,,,,,,,,,,,,,,,,,,,,,,,,,,
,,,,,,,,,,,,,,,618522,001,2024-12-07_13h04.07.781,test,2024.1.4,Win32,59.52380952,674841e51ddba29a9dee134e,67546f35f927709209cd55ea,67548d8adc0c853401c11a3b,,,,,,,,,,,,,,,,,,,,,,,,,,,,,,,,,,,,,,,,,,,,,,,,,,,,,,,,,,,,,1084.5801,29,train,57,1086.6031,right,1,1.9773,,1086.6032,1086.7032,1086.7032,1087.3554,space,0.6064,,0,56,56,28,1,shape_2,shape_3,shape_4,shape_2,shape_4,1,1,29,,,,,,,,,,,,,,,,,,,,,,,,,,,,,,,,,,,,,,,,,,,,,,,,,,,,,,,,,,,,,,,,,,,,,,,,,,,,,,,,,,,,,,,,,,,,,,,,,,,,,,,,,,,,,,,,,,,,,,,,,,,,,,,,,,,,,,,,,,,,,,,,,,,,,,,,,,,,,,,,,,,,,,,,
,,,,,,,,,,,,,,,618522,001,2024-12-07_13h04.07.781,test,2024.1.4,Win32,59.52380952,674841e51ddba29a9dee134e,67546f35f927709209cd55ea,67548d8adc0c853401c11a3b,,,,,,,,,,,,,,,,,,,,,,,,,,,,,,,,,,,,,,,,,,,,,,,,,,,,,,,,,,,,,1087.3559,57,train,58,1089.1785,left,1,1.7779,,1089.1786,1089.2784,1089.2785,1089.9143,space,0.5935,,0,57,57,56,1,shape_1,shape_2,shape_2,shape_2,shape_1,2,2,57,,,,,,,,,,,,,,,,,,,,,,,,,,,,,,,,,,,,,,,,,,,,,,,,,,,,,,,,,,,,,,,,,,,,,,,,,,,,,,,,,,,,,,,,,,,,,,,,,,,,,,,,,,,,,,,,,,,,,,,,,,,,,,,,,,,,,,,,,,,,,,,,,,,,,,,,,,,,,,,,,,,,,,,,
,,,,,,,,,,,,,,,618522,001,2024-12-07_13h04.07.781,test,2024.1.4,Win32,59.52380952,674841e51ddba29a9dee134e,67546f35f927709209cd55ea,67548d8adc0c853401c11a3b,,,,,,,,,,,,,,,,,,,,,,,,,,,,,,,,,,,,,,,,,,,,,,,,,,,,,,,,,,,,,1089.9148,67,train,59,1091.6368,left,1,1.6827,,1091.6369,1091.7371,1091.7372,1092.5242,space,0.7552,,0,58,58,66,1,shape_3,shape_2,shape_1,shape_4,shape_1,2,2,67,,,,,,,,,,,,,,,,,,,,,,,,,,,,,,,,,,,,,,,,,,,,,,,,,,,,,,,,,,,,,,,,,,,,,,,,,,,,,,,,,,,,,,,,,,,,,,,,,,,,,,,,,,,,,,,,,,,,,,,,,,,,,,,,,,,,,,,,,,,,,,,,,,,,,,,,,,,,,,,,,,,,,,,,
,,,,,,,,,,,,,,,618522,001,2024-12-07_13h04.07.781,test,2024.1.4,Win32,59.52380952,674841e51ddba29a9dee134e,67546f35f927709209cd55ea,67548d8adc0c853401c11a3b,,,,,,,,,,,,,,,,,,,,,,,,,,,,,,,,,,,,,,,,,,,,,,,,,,,,,,,,,,,,,1092.5249,22,train,60,1095.3497,right,1,2.7855,,1095.3498,1095.4495,1095.4495,1096.2689,space,0.7837,,0,59,59,21,1,shape_3,shape_3,shape_2,shape_2,shape_3,1,1,22,,,,,,,,,,,,,,,,,,,,,,,,,,,,,,,,,,,,,,,,,,,,,,,,,,,,,,,,,,,,,,,,,,,,,,,,,,,,,,,,,,,,,,,,,,,,,,,,,,,,,,,,,,,,,,,,,,,,,,,,,,,,,,,,,,,,,,,,,,,,,,,,,,,,,,,,,,,,,,,,,,,,,,,,
,,,,,,,,,,,,,,,618522,001,2024-12-07_13h04.07.781,test,2024.1.4,Win32,59.52380952,674841e51ddba29a9dee134e,67546f35f927709209cd55ea,67548d8adc0c853401c11a3b,,,,,,,,,,,,,,,,,,,,,,,,,,,,,,,,,,,,,,,,,,,,,,,,,,,,,,,,,,,,,1096.2693,49,train,61,1097.8079,right,1,1.5027,,1097.8081,1097.9082,1097.9083,1098.7445,space,0.7897,,0,60,60,48,1,shape_3,shape_4,shape_3,shape_4,shape_4,1,1,49,,,,,,,,,,,,,,,,,,,,,,,,,,,,,,,,,,,,,,,,,,,,,,,,,,,,,,,,,,,,,,,,,,,,,,,,,,,,,,,,,,,,,,,,,,,,,,,,,,,,,,,,,,,,,,,,,,,,,,,,,,,,,,,,,,,,,,,,,,,,,,,,,,,,,,,,,,,,,,,,,,,,,,,,
,,,,,,,,,,,,,,,618522,001,2024-12-07_13h04.07.781,test,2024.1.4,Win32,59.52380952,674841e51ddba29a9dee134e,67546f35f927709209cd55ea,67548d8adc0c853401c11a3b,,,,,,,,,,,,,,,,,,,,,,,,,,,,,,,,,,,,,,,,,,,,,,,,,,,,,,,,,,,,,1098.745,83,train,62,1101.8215,right,0,3.0359,,1101.8216,1101.9216,1101.9217,1103.1264,space,1.1681,,0,61,61,82,1,shape_2,shape_4,shape_1,shape_3,shape_2,2,2,83,,,,,,,,,,,,,,,,,,,,,,,,,,,,,,,,,,,,,,,,,,,,,,,,,,,,,,,,,,,,,,,,,,,,,,,,,,,,,,,,,,,,,,,,,,,,,,,,,,,,,,,,,,,,,,,,,,,,,,,,,,,,,,,,,,,,,,,,,,,,,,,,,,,,,,,,,,,,,,,,,,,,,,,,
,,,,,,,,,,,,,,,618522,001,2024-12-07_13h04.07.781,test,2024.1.4,Win32,59.52380952,674841e51ddba29a9dee134e,67546f35f927709209cd55ea,67548d8adc0c853401c11a3b,,,,,,,,,,,,,,,,,,,,,,,,,,,,,,,,,,,,,,,,,,,,,,,,,,,,,,,,,,,,,1103.127,9,train,63,1110.05,right,1,6.8802,,1110.0501,1110.1506,1110.1506,1110.7692,space,0.5844,,0,62,62,8,1,shape_1,shape_3,shape_2,shape_3,shape_4,1,1,9,,,,,,,,,,,,,,,,,,,,,,,,,,,,,,,,,,,,,,,,,,,,,,,,,,,,,,,,,,,,,,,,,,,,,,,,,,,,,,,,,,,,,,,,,,,,,,,,,,,,,,,,,,,,,,,,,,,,,,,,,,,,,,,,,,,,,,,,,,,,,,,,,,,,,,,,,,,,,,,,,,,,,,,,
,,,,,,,,,,,,,,,618522,001,2024-12-07_13h04.07.781,test,2024.1.4,Win32,59.52380952,674841e51ddba29a9dee134e,67546f35f927709209cd55ea,67548d8adc0c853401c11a3b,,,,,,,,,,,,,,,,,,,,,,,,,,,,,,,,,,,,,,,,,,,,,,,,,,,,,,,,,,,,,1110.7698,88,train,64,1112.9265,right,0,2.1059,,1112.9266,1113.0266,1113.0266,1116.0883,space,3.028,,0,63,63,87,1,shape_3,shape_2,shape_1,shape_4,shape_3,2,1,88,,,,,,,,,,,,,,,,,,,,,,,,,,,,,,,,,,,,,,,,,,,,,,,,,,,,,,,,,,,,,,,,,,,,,,,,,,,,,,,,,,,,,,,,,,,,,,,,,,,,,,,,,,,,,,,,,,,,,,,,,,,,,,,,,,,,,,,,,,,,,,,,,,,,,,,,,,,,,,,,,,,,,,,,
,,,,,,,,,,,,,,,618522,001,2024-12-07_13h04.07.781,test,2024.1.4,Win32,59.52380952,674841e51ddba29a9dee134e,67546f35f927709209cd55ea,67548d8adc0c853401c11a3b,,,,,,,,,,,,,,,,,,,,,,,,,,,,,,,,,,,,,,,,,,,,,,,,,,,,,,,,,,,,,1116.0888,18,train,65,1119.4993,right,1,3.3703,,1119.4993,1119.5992,1119.5992,1120.536,space,0.8974,,0,64,64,17,1,shape_3,shape_2,shape_2,shape_3,shape_2,1,2,18,,,,,,,,,,,,,,,,,,,,,,,,,,,,,,,,,,,,,,,,,,,,,,,,,,,,,,,,,,,,,,,,,,,,,,,,,,,,,,,,,,,,,,,,,,,,,,,,,,,,,,,,,,,,,,,,,,,,,,,,,,,,,,,,,,,,,,,,,,,,,,,,,,,,,,,,,,,,,,,,,,,,,,,,
,,,,,,,,,,,,,,,618522,001,2024-12-07_13h04.07.781,test,2024.1.4,Win32,59.52380952,674841e51ddba29a9dee134e,67546f35f927709209cd55ea,67548d8adc0c853401c11a3b,,,,,,,,,,,,,,,,,,,,,,,,,,,,,,,,,,,,,,,,,,,,,,,,,,,,,,,,,,,,,1120.5365,10,train,66,1124.3157,right,1,3.7422,,1124.3158,1124.4158,1124.4158,1125.2859,space,0.8296,,0,65,65,9,1,shape_1,shape_3,shape_2,shape_3,shape_4,1,1,10,,,,,,,,,,,,,,,,,,,,,,,,,,,,,,,,,,,,,,,,,,,,,,,,,,,,,,,,,,,,,,,,,,,,,,,,,,,,,,,,,,,,,,,,,,,,,,,,,,,,,,,,,,,,,,,,,,,,,,,,,,,,,,,,,,,,,,,,,,,,,,,,,,,,,,,,,,,,,,,,,,,,,,,,
,,,,,,,,,,,,,,,618522,001,2024-12-07_13h04.07.781,test,2024.1.4,Win32,59.52380952,674841e51ddba29a9dee134e,67546f35f927709209cd55ea,67548d8adc0c853401c11a3b,,,,,,,,,,,,,,,,,,,,,,,,,,,,,,,,,,,,,,,,,,,,,,,,,,,,,,,,,,,,,1125.2864,79,train,67,1127.8106,right,0,2.4772,,1127.8107,1127.911,1127.9111,1129.4498,space,1.493,,0,66,66,78,1,shape_2,shape_3,shape_3,shape_2,shape_1,2,2,79,,,,,,,,,,,,,,,,,,,,,,,,,,,,,,,,,,,,,,,,,,,,,,,,,,,,,,,,,,,,,,,,,,,,,,,,,,,,,,,,,,,,,,,,,,,,,,,,,,,,,,,,,,,,,,,,,,,,,,,,,,,,,,,,,,,,,,,,,,,,,,,,,,,,,,,,,,,,,,,,,,,,,,,,
,,,,,,,,,,,,,,,618522,001,2024-12-07_13h04.07.781,test,2024.1.4,Win32,59.52380952,674841e51ddba29a9dee134e,67546f35f927709209cd55ea,67548d8adc0c853401c11a3b,,,,,,,,,,,,,,,,,,,,,,,,,,,,,,,,,,,,,,,,,,,,,,,,,,,,,,,,,,,,,1129.4504,78,train,68,1137.4105,left,1,7.9473,,1137.4105,1137.5107,1137.5107,1138.1129,space,0.5877,,0,67,67,77,1,shape_2,shape_3,shape_3,shape_2,shape_1,2,2,78,,,,,,,,,,,,,,,,,,,,,,,,,,,,,,,,,,,,,,,,,,,,,,,,,,,,,,,,,,,,,,,,,,,,,,,,,,,,,,,,,,,,,,,,,,,,,,,,,,,,,,,,,,,,,,,,,,,,,,,,,,,,,,,,,,,,,,,,,,,,,,,,,,,,,,,,,,,,,,,,,,,,,,,,
,,,,,,,,,,,,,,,618522,001,2024-12-07_13h04.07.781,test,2024.1.4,Win32,59.52380952,674841e51ddba29a9dee134e,67546f35f927709209cd55ea,67548d8adc0c853401c11a3b,,,,,,,,,,,,,,,,,,,,,,,,,,,,,,,,,,,,,,,,,,,,,,,,,,,,,,,,,,,,,1138.1135,73,train,69,1142.5785,left,1,4.4225,,1142.5786,1142.6782,1142.6783,1143.2136,space,0.5019,,0,68,68,72,1,shape_2,shape_1,shape_2,shape_2,shape_3,2,2,73,,,,,,,,,,,,,,,,,,,,,,,,,,,,,,,,,,,,,,,,,,,,,,,,,,,,,,,,,,,,,,,,,,,,,,,,,,,,,,,,,,,,,,,,,,,,,,,,,,,,,,,,,,,,,,,,,,,,,,,,,,,,,,,,,,,,,,,,,,,,,,,,,,,,,,,,,,,,,,,,,,,,,,,,
,,,,,,,,,,,,,,,618522,001,2024-12-07_13h04.07.781,test,2024.1.4,Win32,59.52380952,674841e51ddba29a9dee134e,67546f35f927709209cd55ea,67548d8adc0c853401c11a3b,,,,,,,,,,,,,,,,,,,,,,,,,,,,,,,,,,,,,,,,,,,,,,,,,,,,,,,,,,,,,1143.2142,52,train,70,1144.6353,left,1,1.372,,1144.6355,1144.7352,1144.7353,1145.2709,space,0.5043,,0,69,69,51,1,shape_1,shape_2,shape_1,shape_2,shape_1,2,2,52,,,,,,,,,,,,,,,,,,,,,,,,,,,,,,,,,,,,,,,,,,,,,,,,,,,,,,,,,,,,,,,,,,,,,,,,,,,,,,,,,,,,,,,,,,,,,,,,,,,,,,,,,,,,,,,,,,,,,,,,,,,,,,,,,,,,,,,,,,,,,,,,,,,,,,,,,,,,,,,,,,,,,,,,
,,,,,,,,,,,,,,,618522,001,2024-12-07_13h04.07.781,test,2024.1.4,Win32,59.52380952,674841e51ddba29a9dee134e,67546f35f927709209cd55ea,67548d8adc0c853401c11a3b,,,,,,,,,,,,,,,,,,,,,,,,,,,,,,,,,,,,,,,,,,,,,,,,,,,,,,,,,,,,,1145.2715,1,train,71,1146.8429,left,0,1.5377,,1146.843,1146.9432,1146.9432,1149.4685,space,2.4912,,0,70,70,0,1,shape_1,shape_2,shape_4,shape_3,shape_1,1,2,1,,,,,,,,,,,,,,,,,,,,,,,,,,,,,,,,,,,,,,,,,,,,,,,,,,,,,,,,,,,,,,,,,,,,,,,,,,,,,,,,,,,,,,,,,,,,,,,,,,,,,,,,,,,,,,,,,,,,,,,,,,,,,,,,,,,,,,,,,,,,,,,,,,,,,,,,,,,,,,,,,,,,,,,,
,,,,,,,,,,,,,,,618522,001,2024-12-07_13h04.07.781,test,2024.1.4,Win32,59.52380952,674841e51ddba29a9dee134e,67546f35f927709209cd55ea,67548d8adc0c853401c11a3b,,,,,,,,,,,,,,,,,,,,,,,,,,,,,,,,,,,,,,,,,,,,,,,,,,,,,,,,,,,,,1149.4691,4,train,72,1154.2015,left,0,4.6858,,1154.2016,1154.3015,1154.3015,1155.1215,space,0.7811,,0,71,71,3,1,shape_4,shape_2,shape_2,shape_1,shape_3,1,2,4,,,,,,,,,,,,,,,,,,,,,,,,,,,,,,,,,,,,,,,,,,,,,,,,,,,,,,,,,,,,,,,,,,,,,,,,,,,,,,,,,,,,,,,,,,,,,,,,,,,,,,,,,,,,,,,,,,,,,,,,,,,,,,,,,,,,,,,,,,,,,,,,,,,,,,,,,,,,,,,,,,,,,,,,
,,,,,,,,,,,,,,,618522,001,2024-12-07_13h04.07.781,test,2024.1.4,Win32,59.52380952,674841e51ddba29a9dee134e,67546f35f927709209cd55ea,67548d8adc0c853401c11a3b,,,,,,,,,,,,,,,,,,,,,,,,,,,,,,,,,,,,,,,,,,,,,,,,,,,,,,,,,,,,,1155.1222,35,train,73,1157.1951,right,1,2.0392,,1157.1953,1157.2954,1157.2955,1158.0981,space,0.7717,,0,72,72,34,1,shape_4,shape_2,shape_3,shape_3,shape_3,1,1,35,,,,,,,,,,,,,,,,,,,,,,,,,,,,,,,,,,,,,,,,,,,,,,,,,,,,,,,,,,,,,,,,,,,,,,,,,,,,,,,,,,,,,,,,,,,,,,,,,,,,,,,,,,,,,,,,,,,,,,,,,,,,,,,,,,,,,,,,,,,,,,,,,,,,,,,,,,,,,,,,,,,,,,,,
,,,,,,,,,,,,,,,618522,001,2024-12-07_13h04.07.781,test,2024.1.4,Win32,59.52380952,674841e51ddba29a9dee134e,67546f35f927709209cd55ea,67548d8adc0c853401c11a3b,,,,,,,,,,,,,,,,,,,,,,,,,,,,,,,,,,,,,,,,,,,,,,,,,,,,,,,,,,,,,1158.0986,37,train,74,1159.6535,right,1,1.535,,1159.6537,1159.7538,1159.7538,1160.3225,space,0.5496,,0,73,73,36,1,shape_4,shape_2,shape_3,shape_3,shape_3,1,1,37,,,,,,,,,,,,,,,,,,,,,,,,,,,,,,,,,,,,,,,,,,,,,,,,,,,,,,,,,,,,,,,,,,,,,,,,,,,,,,,,,,,,,,,,,,,,,,,,,,,,,,,,,,,,,,,,,,,,,,,,,,,,,,,,,,,,,,,,,,,,,,,,,,,,,,,,,,,,,,,,,,,,,,,,
,,,,,,,,,,,,,,,618522,001,2024-12-07_13h04.07.781,test,2024.1.4,Win32,59.52380952,674841e51ddba29a9dee134e,67546f35f927709209cd55ea,67548d8adc0c853401c11a3b,,,,,,,,,,,,,,,,,,,,,,,,,,,,,,,,,,,,,,,,,,,,,,,,,,,,,,,,,,,,,1160.323,98,train,75,1182.6324,right,0,22.2688,,1182.6325,1182.7323,1182.7323,1184.8733,space,2.1111,,0,74,74,97,1,shape_4,shape_3,shape_2,shape_3,shape_2,2,1,98,,,,,,,,,,,,,,,,,,,,,,,,,,,,,,,,,,,,,,,,,,,,,,,,,,,,,,,,,,,,,,,,,,,,,,,,,,,,,,,,,,,,,,,,,,,,,,,,,,,,,,,,,,,,,,,,,,,,,,,,,,,,,,,,,,,,,,,,,,,,,,,,,,,,,,,,,,,,,,,,,,,,,,,,
,,,,,,,,,,,,,,,618522,001,2024-12-07_13h04.07.781,test,2024.1.4,Win32,59.52380952,674841e51ddba29a9dee134e,67546f35f927709209cd55ea,67548d8adc0c853401c11a3b,,,,,,,,,,,,,,,,,,,,,,,,,,,,,,,,,,,,,,,,,,,,,,,,,,,,,,,,,,,,,1184.8739,100,train,76,1186.6628,right,0,1.7488,,1186.6629,1186.7631,1186.7632,1189.5227,space,2.7289,,0,75,75,99,1,shape_3,shape_3,shape_3,shape_4,shape_2,2,1,100,,,,,,,,,,,,,,,,,,,,,,,,,,,,,,,,,,,,,,,,,,,,,,,,,,,,,,,,,,,,,,,,,,,,,,,,,,,,,,,,,,,,,,,,,,,,,,,,,,,,,,,,,,,,,,,,,,,,,,,,,,,,,,,,,,,,,,,,,,,,,,,,,,,,,,,,,,,,,,,,,,,,,,,,
,,,,,,,,,,,,,,,618522,001,2024-12-07_13h04.07.781,test,2024.1.4,Win32,59.52380952,674841e51ddba29a9dee134e,67546f35f927709209cd55ea,67548d8adc0c853401c11a3b,,,,,,,,,,,,,,,,,,,,,,,,,,,,,,,,,,,,,,,,,,,,,,,,,,,,,,,,,,,,,1189.5232,94,train,77,1191.9978,left,1,2.4266,,1191.9978,1192.0977,1192.0977,1192.8508,space,0.72,,0,76,76,93,1,shape_2,shape_2,shape_2,shape_3,shape_3,2,2,94,,,,,,,,,,,,,,,,,,,,,,,,,,,,,,,,,,,,,,,,,,,,,,,,,,,,,,,,,,,,,,,,,,,,,,,,,,,,,,,,,,,,,,,,,,,,,,,,,,,,,,,,,,,,,,,,,,,,,,,,,,,,,,,,,,,,,,,,,,,,,,,,,,,,,,,,,,,,,,,,,,,,,,,,
,,,,,,,,,,,,,,,618522,001,2024-12-07_13h04.07.781,test,2024.1.4,Win32,59.52380952,674841e51ddba29a9dee134e,67546f35f927709209cd55ea,67548d8adc0c853401c11a3b,,,,,,,,,,,,,,,,,,,,,,,,,,,,,,,,,,,,,,,,,,,,,,,,,,,,,,,,,,,,,1192.8513,96,train,78,1196.0951,right,0,3.1983,,1196.0952,1196.1951,1196.1952,1202.1176,space,5.8898,,0,77,77,95,1,shape_3,shape_4,shape_2,shape_2,shape_2,2,1,96,,,,,,,,,,,,,,,,,,,,,,,,,,,,,,,,,,,,,,,,,,,,,,,,,,,,,,,,,,,,,,,,,,,,,,,,,,,,,,,,,,,,,,,,,,,,,,,,,,,,,,,,,,,,,,,,,,,,,,,,,,,,,,,,,,,,,,,,,,,,,,,,,,,,,,,,,,,,,,,,,,,,,,,,
,,,,,,,,,,,,,,,618522,001,2024-12-07_13h04.07.781,test,2024.1.4,Win32,59.52380952,674841e51ddba29a9dee134e,67546f35f927709209cd55ea,67548d8adc0c853401c11a3b,,,,,,,,,,,,,,,,,,,,,,,,,,,,,,,,,,,,,,,,,,,,,,,,,,,,,,,,,,,,,1202.1182,16,train,79,1205.2096,right,1,3.0467,,1205.2097,1205.3098,1205.3098,1205.9123,space,0.5719,,0,78,78,15,1,shape_3,shape_4,shape_4,shape_4,shape_1,1,1,16,,,,,,,,,,,,,,,,,,,,,,,,,,,,,,,,,,,,,,,,,,,,,,,,,,,,,,,,,,,,,,,,,,,,,,,,,,,,,,,,,,,,,,,,,,,,,,,,,,,,,,,,,,,,,,,,,,,,,,,,,,,,,,,,,,,,,,,,,,,,,,,,,,,,,,,,,,,,,,,,,,,,,,,,
,,,,,,,,,,,,,,,618522,001,2024-12-07_13h04.07.781,test,2024.1.4,Win32,59.52380952,674841e51ddba29a9dee134e,67546f35f927709209cd55ea,67548d8adc0c853401c11a3b,,,,,,,,,,,,,,,,,,,,,,,,,,,,,,,,,,,,,,,,,,,,,,,,,,,,,,,,,,,,,1205.9127,66,train,80,1210.1937,left,1,4.2332,,1210.1937,1210.2935,1210.2935,1211.2974,space,0.9648,,0,79,79,65,1,shape_1,shape_3,shape_2,shape_1,shape_3,2,2,66,,,,,,,,,,,,,,,,,,,,,,,,,,,,,,,,,,,,,,,,,,,,,,,,,,,,,,,,,,,,,,,,,,,,,,,,,,,,,,,,,,,,,,,,,,,,,,,,,,,,,,,,,,,,,,,,,,,,,,,,,,,,,,,,,,,,,,,,,,,,,,,,,,,,,,,,,,,,,,,,,,,,,,,,
,,,,,,,,,,,,,,,618522,001,2024-12-07_13h04.07.781,test,2024.1.4,Win32,59.52380952,674841e51ddba29a9dee134e,67546f35f927709209cd55ea,67548d8adc0c853401c11a3b,,,,,,,,,,,,,,,,,,,,,,,,,,,,,,,,,,,,,,,,,,,,,,,,,,,,,,,,,,,,,1211.298,5,train,81,1218.0708,left,0,6.738,,1218.0708,1218.1705,1218.1706,1221.3486,space,3.1538,,0,80,80,4,1,shape_4,shape_2,shape_2,shape_1,shape_3,1,2,5,,,,,,,,,,,,,,,,,,,,,,,,,,,,,,,,,,,,,,,,,,,,,,,,,,,,,,,,,,,,,,,,,,,,,,,,,,,,,,,,,,,,,,,,,,,,,,,,,,,,,,,,,,,,,,,,,,,,,,,,,,,,,,,,,,,,,,,,,,,,,,,,,,,,,,,,,,,,,,,,,,,,,,,,
,,,,,,,,,,,,,,,618522,001,2024-12-07_13h04.07.781,test,2024.1.4,Win32,59.52380952,674841e51ddba29a9dee134e,67546f35f927709209cd55ea,67548d8adc0c853401c11a3b,,,,,,,,,,,,,,,,,,,,,,,,,,,,,,,,,,,,,,,,,,,,,,,,,,,,,,,,,,,,,1221.3492,39,train,82,1224.7265,right,1,3.3294,,1224.7265,1224.8267,1224.8268,1225.5295,space,0.6697,,0,81,81,38,1,shape_3,shape_3,shape_2,shape_4,shape_4,1,1,39,,,,,,,,,,,,,,,,,,,,,,,,,,,,,,,,,,,,,,,,,,,,,,,,,,,,,,,,,,,,,,,,,,,,,,,,,,,,,,,,,,,,,,,,,,,,,,,,,,,,,,,,,,,,,,,,,,,,,,,,,,,,,,,,,,,,,,,,,,,,,,,,,,,,,,,,,,,,,,,,,,,,,,,,
,,,,,,,,,,,,,,,618522,001,2024-12-07_13h04.07.781,test,2024.1.4,Win32,59.52380952,674841e51ddba29a9dee134e,67546f35f927709209cd55ea,67548d8adc0c853401c11a3b,,,,,,,,,,,,,,,,,,,,,,,,,,,,,,,,,,,,,,,,,,,,,,,,,,,,,,,,,,,,,1225.5301,95,train,83,1227.9548,right,0,2.3775,,1227.9548,1228.0546,1228.0546,1229.3259,space,1.2258,,0,82,82,94,1,shape_2,shape_2,shape_2,shape_3,shape_3,2,2,95,,,,,,,,,,,,,,,,,,,,,,,,,,,,,,,,,,,,,,,,,,,,,,,,,,,,,,,,,,,,,,,,,,,,,,,,,,,,,,,,,,,,,,,,,,,,,,,,,,,,,,,,,,,,,,,,,,,,,,,,,,,,,,,,,,,,,,,,,,,,,,,,,,,,,,,,,,,,,,,,,,,,,,,,
,,,,,,,,,,,,,,,618522,001,2024-12-07_13h04.07.781,test,2024.1.4,Win32,59.52380952,674841e51ddba29a9dee134e,67546f35f927709209cd55ea,67548d8adc0c853401c11a3b,,,,,,,,,,,,,,,,,,,,,,,,,,,,,,,,,,,,,,,,,,,,,,,,,,,,,,,,,,,,,1229.3265,7,train,84,1233.3398,right,1,3.9793,,1233.3399,1233.4397,1233.4398,1234.3097,space,0.8454,,0,83,83,6,1,shape_1,shape_3,shape_2,shape_3,shape_3,1,2,7,,,,,,,,,,,,,,,,,,,,,,,,,,,,,,,,,,,,,,,,,,,,,,,,,,,,,,,,,,,,,,,,,,,,,,,,,,,,,,,,,,,,,,,,,,,,,,,,,,,,,,,,,,,,,,,,,,,,,,,,,,,,,,,,,,,,,,,,,,,,,,,,,,,,,,,,,,,,,,,,,,,,,,,,
,,,,,,,,,,,,,,,618522,001,2024-12-07_13h04.07.781,test,2024.1.4,Win32,59.52380952,674841e51ddba29a9dee134e,67546f35f927709209cd55ea,67548d8adc0c853401c11a3b,,,,,,,,,,,,,,,,,,,,,,,,,,,,,,,,,,,,,,,,,,,,,,,,,,,,,,,,,,,,,1234.3103,8,train,85,1245.9997,right,1,11.6626,,1245.9997,1246.0997,1246.0997,1246.953,space,0.8311,,0,84,84,7,1,shape_1,shape_3,shape_2,shape_3,shape_4,1,1,8,,,,,,,,,,,,,,,,,,,,,,,,,,,,,,,,,,,,,,,,,,,,,,,,,,,,,,,,,,,,,,,,,,,,,,,,,,,,,,,,,,,,,,,,,,,,,,,,,,,,,,,,,,,,,,,,,,,,,,,,,,,,,,,,,,,,,,,,,,,,,,,,,,,,,,,,,,,,,,,,,,,,,,,,
,,,,,,,,,,,,,,,618522,001,2024-12-07_13h04.07.781,test,2024.1.4,Win32,59.52380952,674841e51ddba29a9dee134e,67546f35f927709209cd55ea,67548d8adc0c853401c11a3b,,,,,,,,,,,,,,,,,,,,,,,,,,,,,,,,,,,,,,,,,,,,,,,,,,,,,,,,,,,,,1246.9536,91,train,86,1248.6755,left,1,1.6724,,1248.6755,1248.7757,1248.7757,1249.3612,space,0.5394,,0,85,85,90,1,shape_2,shape_2,shape_3,shape_2,shape_2,2,2,91,,,,,,,,,,,,,,,,,,,,,,,,,,,,,,,,,,,,,,,,,,,,,,,,,,,,,,,,,,,,,,,,,,,,,,,,,,,,,,,,,,,,,,,,,,,,,,,,,,,,,,,,,,,,,,,,,,,,,,,,,,,,,,,,,,,,,,,,,,,,,,,,,,,,,,,,,,,,,,,,,,,,,,,,
,,,,,,,,,,,,,,,618522,001,2024-12-07_13h04.07.781,test,2024.1.4,Win32,59.52380952,674841e51ddba29a9dee134e,67546f35f927709209cd55ea,67548d8adc0c853401c11a3b,,,,,,,,,,,,,,,,,,,,,,,,,,,,,,,,,,,,,,,,,,,,,,,,,,,,,,,,,,,,,1249.3619,47,train,87,1251.3176,right,1,1.91,,1251.3177,1251.4182,1251.4182,1252.221,space,0.763,,0,86,86,46,1,shape_3,shape_3,shape_3,shape_4,shape_4,1,1,47,,,,,,,,,,,,,,,,,,,,,,,,,,,,,,,,,,,,,,,,,,,,,,,,,,,,,,,,,,,,,,,,,,,,,,,,,,,,,,,,,,,,,,,,,,,,,,,,,,,,,,,,,,,,,,,,,,,,,,,,,,,,,,,,,,,,,,,,,,,,,,,,,,,,,,,,,,,,,,,,,,,,,,,,
,,,,,,,,,,,,,,,618522,001,2024-12-07_13h04.07.781,test,2024.1.4,Win32,59.52380952,674841e51ddba29a9dee134e,67546f35f927709209cd55ea,67548d8adc0c853401c11a3b,,,,,,,,,,,,,,,,,,,,,,,,,,,,,,,,,,,,,,,,,,,,,,,,,,,,,,,,,,,,,1252.2216,23,train,88,1253.9937,right,1,1.7368,,1253.9938,1254.0939,1254.0939,1254.6798,space,0.5475,,0,87,87,22,1,shape_3,shape_3,shape_2,shape_2,shape_3,1,1,23,,,,,,,,,,,,,,,,,,,,,,,,,,,,,,,,,,,,,,,,,,,,,,,,,,,,,,,,,,,,,,,,,,,,,,,,,,,,,,,,,,,,,,,,,,,,,,,,,,,,,,,,,,,,,,,,,,,,,,,,,,,,,,,,,,,,,,,,,,,,,,,,,,,,,,,,,,,,,,,,,,,,,,,,
,,,,,,,,,,,,,,,618522,001,2024-12-07_13h04.07.781,test,2024.1.4,Win32,59.52380952,674841e51ddba29a9dee134e,67546f35f927709209cd55ea,67548d8adc0c853401c11a3b,,,,,,,,,,,,,,,,,,,,,,,,,,,,,,,,,,,,,,,,,,,,,,,,,,,,,,,,,,,,,1254.6803,59,train,89,1257.4725,right,0,2.7572,,1257.4725,1257.5728,1257.5728,1258.1747,space,0.5675,,0,88,88,58,1,shape_2,shape_1,shape_2,shape_1,shape_3,2,2,59,,,,,,,,,,,,,,,,,,,,,,,,,,,,,,,,,,,,,,,,,,,,,,,,,,,,,,,,,,,,,,,,,,,,,,,,,,,,,,,,,,,,,,,,,,,,,,,,,,,,,,,,,,,,,,,,,,,,,,,,,,,,,,,,,,,,,,,,,,,,,,,,,,,,,,,,,,,,,,,,,,,,,,,,
,,,,,,,,,,,,,,,618522,001,2024-12-07_13h04.07.781,test,2024.1.4,Win32,59.52380952,674841e51ddba29a9dee134e,67546f35f927709209cd55ea,67548d8adc0c853401c11a3b,,,,,,,,,,,,,,,,,,,,,,,,,,,,,,,,,,,,,,,,,,,,,,,,,,,,,,,,,,,,,1258.1753,89,train,90,1269.8816,right,0,11.6611,,1269.8816,1269.9816,1269.9817,1272.892,space,2.874,,0,89,89,88,1,shape_3,shape_4,shape_2,shape_4,shape_1,2,1,89,,,,,,,,,,,,,,,,,,,,,,,,,,,,,,,,,,,,,,,,,,,,,,,,,,,,,,,,,,,,,,,,,,,,,,,,,,,,,,,,,,,,,,,,,,,,,,,,,,,,,,,,,,,,,,,,,,,,,,,,,,,,,,,,,,,,,,,,,,,,,,,,,,,,,,,,,,,,,,,,,,,,,,,,
,,,,,,,,,,,,,,,618522,001,2024-12-07_13h04.07.781,test,2024.1.4,Win32,59.52380952,674841e51ddba29a9dee134e,67546f35f927709209cd55ea,67548d8adc0c853401c11a3b,,,,,,,,,,,,,,,,,,,,,,,,,,,,,,,,,,,,,,,,,,,,,,,,,,,,,,,,,,,,,1272.8927,11,train,91,1280.9366,right,1,8.0066,,1280.9367,1281.0364,1281.0365,1281.8734,space,0.8065,,0,90,90,10,1,shape_1,shape_4,shape_3,shape_4,shape_2,1,1,11,,,,,,,,,,,,,,,,,,,,,,,,,,,,,,,,,,,,,,,,,,,,,,,,,,,,,,,,,,,,,,,,,,,,,,,,,,,,,,,,,,,,,,,,,,,,,,,,,,,,,,,,,,,,,,,,,,,,,,,,,,,,,,,,,,,,,,,,,,,,,,,,,,,,,,,,,,,,,,,,,,,,,,,,
,,,,,,,,,,,,,,,618522,001,2024-12-07_13h04.07.781,test,2024.1.4,Win32,59.52380952,674841e51ddba29a9dee134e,67546f35f927709209cd55ea,67548d8adc0c853401c11a3b,,,,,,,,,,,,,,,,,,,,,,,,,,,,,,,,,,,,,,,,,,,,,,,,,,,,,,,,,,,,,1281.874,84,train,92,1284.3816,right,0,2.4659,,1284.3816,1284.4817,1284.4817,1285.3346,space,0.8144,,0,91,91,83,1,shape_2,shape_4,shape_1,shape_3,shape_2,2,2,84,,,,,,,,,,,,,,,,,,,,,,,,,,,,,,,,,,,,,,,,,,,,,,,,,,,,,,,,,,,,,,,,,,,,,,,,,,,,,,,,,,,,,,,,,,,,,,,,,,,,,,,,,,,,,,,,,,,,,,,,,,,,,,,,,,,,,,,,,,,,,,,,,,,,,,,,,,,,,,,,,,,,,,,,
,,,,,,,,,,,,,,,618522,001,2024-12-07_13h04.07.781,test,2024.1.4,Win32,59.52380952,674841e51ddba29a9dee134e,67546f35f927709209cd55ea,67548d8adc0c853401c11a3b,,,,,,,,,,,,,,,,,,,,,,,,,,,,,,,,,,,,,,,,,,,,,,,,,,,,,,,,,,,,,1285.3352,17,train,93,1286.8897,left,0,1.5142,,1286.8897,1286.9899,1286.99,1292.5596,space,5.5377,,0,92,92,16,1,shape_2,shape_2,shape_3,shape_2,shape_2,1,2,17,,,,,,,,,,,,,,,,,,,,,,,,,,,,,,,,,,,,,,,,,,,,,,,,,,,,,,,,,,,,,,,,,,,,,,,,,,,,,,,,,,,,,,,,,,,,,,,,,,,,,,,,,,,,,,,,,,,,,,,,,,,,,,,,,,,,,,,,,,,,,,,,,,,,,,,,,,,,,,,,,,,,,,,,
,,,,,,,,,,,,,,,618522,001,2024-12-07_13h04.07.781,test,2024.1.4,Win32,59.52380952,674841e51ddba29a9dee134e,67546f35f927709209cd55ea,67548d8adc0c853401c11a3b,,,,,,,,,,,,,,,,,,,,,,,,,,,,,,,,,,,,,,,,,,,,,,,,,,,,,,,,,,,,,1292.5601,50,train,94,1295.3526,right,1,2.7419,,1295.3527,1295.4526,1295.4526,1296.222,space,0.7199,,0,93,93,49,1,shape_3,shape_4,shape_4,shape_4,shape_4,1,1,50,,,,,,,,,,,,,,,,,,,,,,,,,,,,,,,,,,,,,,,,,,,,,,,,,,,,,,,,,,,,,,,,,,,,,,,,,,,,,,,,,,,,,,,,,,,,,,,,,,,,,,,,,,,,,,,,,,,,,,,,,,,,,,,,,,,,,,,,,,,,,,,,,,,,,,,,,,,,,,,,,,,,,,,,
,,,,,,,,,,,,,,,618522,001,2024-12-07_13h04.07.781,test,2024.1.4,Win32,59.52380952,674841e51ddba29a9dee134e,67546f35f927709209cd55ea,67548d8adc0c853401c11a3b,,,,,,,,,,,,,,,,,,,,,,,,,,,,,,,,,,,,,,,,,,,,,,,,,,,,,,,,,,,,,1296.2225,54,train,95,1298.4466,left,1,2.1764,,1298.4466,1298.5466,1298.5466,1299.3829,space,0.7933,,0,94,94,53,1,shape_3,shape_2,shape_1,shape_1,shape_1,2,2,54,,,,,,,,,,,,,,,,,,,,,,,,,,,,,,,,,,,,,,,,,,,,,,,,,,,,,,,,,,,,,,,,,,,,,,,,,,,,,,,,,,,,,,,,,,,,,,,,,,,,,,,,,,,,,,,,,,,,,,,,,,,,,,,,,,,,,,,,,,,,,,,,,,,,,,,,,,,,,,,,,,,,,,,,
,,,,,,,,,,,,,,,618522,001,2024-12-07_13h04.07.781,test,2024.1.4,Win32,59.52380952,674841e51ddba29a9dee134e,67546f35f927709209cd55ea,67548d8adc0c853401c11a3b,,,,,,,,,,,,,,,,,,,,,,,,,,,,,,,,,,,,,,,,,,,,,,,,,,,,,,,,,,,,,1299.3834,69,train,96,1302.5272,left,1,3.1019,,1302.5272,1302.627,1302.627,1303.3467,space,0.6859,,0,95,95,68,1,shape_3,shape_1,shape_3,shape_1,shape_3,2,2,69,,,,,,,,,,,,,,,,,,,,,,,,,,,,,,,,,,,,,,,,,,,,,,,,,,,,,,,,,,,,,,,,,,,,,,,,,,,,,,,,,,,,,,,,,,,,,,,,,,,,,,,,,,,,,,,,,,,,,,,,,,,,,,,,,,,,,,,,,,,,,,,,,,,,,,,,,,,,,,,,,,,,,,,,
,,,,,,,,,,,,,,,618522,001,2024-12-07_13h04.07.781,test,2024.1.4,Win32,59.52380952,674841e51ddba29a9dee134e,67546f35f927709209cd55ea,67548d8adc0c853401c11a3b,,,,,,,,,,,,,,,,,,,,,,,,,,,,,,,,,,,,,,,,,,,,,,,,,,,,,,,,,,,,,1303.3471,13,train,97,1305.169,right,1,1.7853,,1305.1691,1305.2696,1305.2696,1305.989,space,0.6837,,0,96,96,12,1,shape_1,shape_3,shape_3,shape_3,shape_3,1,1,13,,,,,,,,,,,,,,,,,,,,,,,,,,,,,,,,,,,,,,,,,,,,,,,,,,,,,,,,,,,,,,,,,,,,,,,,,,,,,,,,,,,,,,,,,,,,,,,,,,,,,,,,,,,,,,,,,,,,,,,,,,,,,,,,,,,,,,,,,,,,,,,,,,,,,,,,,,,,,,,,,,,,,,,,
,,,,,,,,,,,,,,,618522,001,2024-12-07_13h04.07.781,test,2024.1.4,Win32,59.52380952,674841e51ddba29a9dee134e,67546f35f927709209cd55ea,67548d8adc0c853401c11a3b,,,,,,,,,,,,,,,,,,,,,,,,,,,,,,,,,,,,,,,,,,,,,,,,,,,,,,,,,,,,,1305.9895,41,train,98,1309.3504,right,1,3.3119,,1309.3504,1309.4502,1309.4503,1310.0025,space,0.5155,,0,97,97,40,1,shape_3,shape_3,shape_2,shape_4,shape_4,1,1,41,,,,,,,,,,,,,,,,,,,,,,,,,,,,,,,,,,,,,,,,,,,,,,,,,,,,,,,,,,,,,,,,,,,,,,,,,,,,,,,,,,,,,,,,,,,,,,,,,,,,,,,,,,,,,,,,,,,,,,,,,,,,,,,,,,,,,,,,,,,,,,,,,,,,,,,,,,,,,,,,,,,,,,,,
,,,,,,,,,,,,,,,618522,001,2024-12-07_13h04.07.781,test,2024.1.4,Win32,59.52380952,674841e51ddba29a9dee134e,67546f35f927709209cd55ea,67548d8adc0c853401c11a3b,,,,,,,,,,,,,,,,,,,,,,,,,,,,,,,,,,,,,,,,,,,,,,,,,,,,,,,,,,,,,1310.0031,14,train,99,1313.4313,right,1,3.3834,,1313.4313,1313.531,1313.531,1314.2505,space,0.6733,,0,98,98,13,1,shape_4,shape_3,shape_3,shape_3,shape_1,1,1,14,,,,,,,,,,,,,,,,,,,,,,,,,,,,,,,,,,,,,,,,,,,,,,,,,,,,,,,,,,,,,,,,,,,,,,,,,,,,,,,,,,,,,,,,,,,,,,,,,,,,,,,,,,,,,,,,,,,,,,,,,,,,,,,,,,,,,,,,,,,,,,,,,,,,,,,,,,,,,,,,,,,,,,,,
,,,,,,,,,,,,,,,618522,001,2024-12-07_13h04.07.781,test,2024.1.4,Win32,59.52380952,674841e51ddba29a9dee134e,67546f35f927709209cd55ea,67548d8adc0c853401c11a3b,,,,,,,,,,,,,,,,,,,,,,,,,,,,,,,,,,,,,,,,,,,,,,,,,,,,,,,,,,,,,1314.2512,48,train,100,1317.4113,left,0,3.1243,,1317.4114,1317.5116,1317.5117,1319.067,space,1.5178,,0,99,99,47,1,shape_3,shape_3,shape_3,shape_4,shape_4,1,1,48,,,,,,,,,,,,,,,,,,,,,,,,,,,,,,,,,,,,,,,,,,,,,,,,,,,,,,,,,,,,,,,,,,,,,,,,,,,,,,,,,,,,,,,,,,,,,,,,,,,,,,,,,,,,,,,,,,,,,,,,,,,,,,,,,,,,,,,,,,,,,,,,,,,,,,,,,,,,,,,,,,,,,,,,
,,,,,,,,,,,,,,,618522,001,2024-12-07_13h04.07.781,test,2024.1.4,Win32,59.52380952,674841e51ddba29a9dee134e,67546f35f927709209cd55ea,67548d8adc0c853401c11a3b,,,,,,,,,,,,,,,,,,,,,,,,,,,,,,,,,,,,,,,,,,,,,,,,,,,,,,,,,,,,,,,,,,,,,,,,,,,,,,,,,,,,,,,,,,1319.0677,1325.6733,space,6.5915,,,,,,,,,,,,,,,,,,,,,,,,,,,,,,,,,,,,,,,,,,,,,,,,,,,,,,,,,,,,,,,,,,,,,,,,,,,,,,,,,,,,,,,,,,,,,,,,,,,,,,,,,,,,,,,,,,,,,,,,,,,,,,,,,,,,,,,,,,,,,,,,,,,,,,,,,,,,,,,,,,,,
,,,,,,,,,,,,,,,618522,001,2024-12-07_13h04.07.781,test,2024.1.4,Win32,59.52380952,674841e51ddba29a9dee134e,67546f35f927709209cd55ea,67548d8adc0c853401c11a3b,,,,,,,,,,,,,,,,,,,,,,,,,,,,,,,,,,,,,,,,,,,,,,,,,,,,,,,,,,,,,,,,,,,,,,,,,,,,,,,,,,,,,,,,,,,,,,,1325.6736,1337.1128,space,11.0336,,,,,,,,,,,,,,,,,,,,,,,,,,,,,,,,,,,,,,,,,,,,,,,,,,,,,,,,,,,,,,,,,,,,,,,,,,,,,,,,,,,,,,,,,,,,,,,,,,,,,,,,,,,,,,,,,,,,,,,,,,,,,,,,,,,,,,,,,,,,,,,,,,,,,,,,,,,,,,,
,,,,,,,,,,,,,,,618522,001,2024-12-07_13h04.07.781,test,2024.1.4,Win32,59.52380952,674841e51ddba29a9dee134e,67546f35f927709209cd55ea,67548d8adc0c853401c11a3b,,,,,,,,,,,,,,,,,,,,,,,,,,,,,,,,,,,,,,,,,,,,,,,,,,,,,,,,,,,,,,,,,,,,,,,,,,,,,,,,,,,,,,,,,,,,,,,,,,,,1337.1131,1344.2206,right,6.7047,,,,,,,,,,,,,,,,,,,,,,,,,,,,,,,,,,,,,,,,,,,,,,,,,,,,,,,,,,,,,,,,,,,,,,,,,,,,,,,,,,,,,,,,,,,,,,,,,,,,,,,,,,,,,,,,,,,,,,,,,,,,,,,,,,,,,,,,,,,,,,,,,,,,,,,,,,
,,,,,,,,,,,,,,,618522,001,2024-12-07_13h04.07.781,test,2024.1.4,Win32,59.52380952,674841e51ddba29a9dee134e,67546f35f927709209cd55ea,67548d8adc0c853401c11a3b,,,,,,,,,,,,,,,,,,,,,,,,,,,,,,,,,,,,,,,,,,,,,,,,,,,,,,,,,,,,,,,,,,,,,,,,,,,,,,,,,,,,,,,,,,,,,,,,,,,,,,,,,1344.221,1350.0404,space,5.3904,,,,,,,,,,,,,,,,,,,,,,,,,,,,,,,,,,,,,,,,,,,,,,,,,,,,,,,,,,,,,,,,,,,,,,,,,,,,,,,,,,,,,,,,,,,,,,,,,,,,,,,,,,,,,,,,,,,,,,,,,,,,,,,,,,,,,,,,,,,,,,,,,,,,,
,,,,,,,,,,,,,,,618522,001,2024-12-07_13h04.07.781,test,2024.1.4,Win32,59.52380952,674841e51ddba29a9dee134e,67546f35f927709209cd55ea,67548d8adc0c853401c11a3b,,,,,,,,,,,,,,,,,,,,,,,,,,,,,,,,,,,,,,,,,,,,,,,,,,,,,,,,,,,,,,7,demo,1,,,,,,,,,,,,,,,,,,shape_3,shape_1,shape_2,shape_3,shape_1,2,2,7,,,,,,,,,,,,,,,,,,,,,1350.0648,1351.5622,1351.5626,1351.9475,,0,1351.9477,1351.951,1351.9512,1358.9877,space,6.6614,,0,0,0,6,1,,,,,,,,,,,,,,,,,,,,,,,,,,,,,,,,,,,,,,,,,,,,,,,,,,,,,,,,,,,,,,,,,,,,,,,,,,,,,,,,,,,,,,,,,,,,,,,,,,,,,,,,,,,,,,,,,,,,,,,,,,,,,,,,,,
,,,,,,,,,,,,,,,618522,001,2024-12-07_13h04.07.781,test,2024.1.4,Win32,59.52380952,674841e51ddba29a9dee134e,67546f35f927709209cd55ea,67548d8adc0c853401c11a3b,,,,,,,,,,,,,,,,,,,,,,,,,,,,,,,,,,,,,,,,,,,,,,,,,,,,,,,,,,,,,,9,demo,2,,,,,,,,,,,,,,,,,,shape_2,shape_1,shape_3,shape_2,shape_3,2,2,9,,,,,,,,,,,,,,,,,,,,,1358.9886,1360.4924,1360.4925,1360.9943,,0,1360.9944,1361.3692,1361.3692,1364.0379,space,2.6532,,0,1,1,8,1,,,,,,,,,,,,,,,,,,,,,,,,,,,,,,,,,,,,,,,,,,,,,,,,,,,,,,,,,,,,,,,,,,,,,,,,,,,,,,,,,,,,,,,,,,,,,,,,,,,,,,,,,,,,,,,,,,,,,,,,,,,,,,,,,,
,,,,,,,,,,,,,,,618522,001,2024-12-07_13h04.07.781,test,2024.1.4,Win32,59.52380952,674841e51ddba29a9dee134e,67546f35f927709209cd55ea,67548d8adc0c853401c11a3b,,,,,,,,,,,,,,,,,,,,,,,,,,,,,,,,,,,,,,,,,,,,,,,,,,,,,,,,,,,,,,5,demo,3,,,,,,,,,,,,,,,,,,shape_3,shape_3,shape_4,shape_4,shape_2,1,1,5,,,,,,,,,,,,,,,,,,,,,1364.0382,1365.5263,1365.5264,1366.028,,0,1366.0281,1366.1286,1366.1287,1367.0649,space,0.9278,,0,2,2,4,1,,,,,,,,,,,,,,,,,,,,,,,,,,,,,,,,,,,,,,,,,,,,,,,,,,,,,,,,,,,,,,,,,,,,,,,,,,,,,,,,,,,,,,,,,,,,,,,,,,,,,,,,,,,,,,,,,,,,,,,,,,,,,,,,,,
,,,,,,,,,,,,,,,618522,001,2024-12-07_13h04.07.781,test,2024.1.4,Win32,59.52380952,674841e51ddba29a9dee134e,67546f35f927709209cd55ea,67548d8adc0c853401c11a3b,,,,,,,,,,,,,,,,,,,,,,,,,,,,,,,,,,,,,,,,,,,,,,,,,,,,,,,,,,,,,,8,demo,4,,,,,,,,,,,,,,,,,,shape_1,shape_2,shape_2,shape_3,shape_2,2,2,8,,,,,,,,,,,,,,,,,,,,,1367.0656,1368.5701,1368.5702,1368.6707,right,0,1368.6708,1368.7709,1368.771,1370.2596,space,1.459,,0,3,3,7,1,0.0806,,,,,,,,,,,,,,,,,,,,,,,,,,,,,,,,,,,,,,,,,,,,,,,,,,,,,,,,,,,,,,,,,,,,,,,,,,,,,,,,,,,,,,,,,,,,,,,,,,,,,,,,,,,,,,,,,,,,,,,,,,,,,,,,,
,,,,,,,,,,,,,,,618522,001,2024-12-07_13h04.07.781,test,2024.1.4,Win32,59.52380952,674841e51ddba29a9dee134e,67546f35f927709209cd55ea,67548d8adc0c853401c11a3b,,,,,,,,,,,,,,,,,,,,,,,,,,,,,,,,,,,,,,,,,,,,,,,,,,,,,,,,,,,,,,6,demo,5,,,,,,,,,,,,,,,,,,shape_2,shape_1,shape_3,shape_1,shape_2,2,2,6,,,,,,,,,,,,,,,,,,,,,1370.2602,1371.7644,1371.7644,1371.7982,left,1,1371.7983,1371.8984,1371.8985,1373.0859,space,1.1664,,0,4,4,5,1,0.0136,,,,,,,,,,,,,,,,,,,,,,,,,,,,,,,,,,,,,,,,,,,,,,,,,,,,,,,,,,,,,,,,,,,,,,,,,,,,,,,,,,,,,,,,,,,,,,,,,,,,,,,,,,,,,,,,,,,,,,,,,,,,,,,,,
,,,,,,,,,,,,,,,618522,001,2024-12-07_13h04.07.781,test,2024.1.4,Win32,59.52380952,674841e51ddba29a9dee134e,67546f35f927709209cd55ea,67548d8adc0c853401c11a3b,,,,,,,,,,,,,,,,,,,,,,,,,,,,,,,,,,,,,,,,,,,,,,,,,,,,,,,,,,,,,,3,demo,6,,,,,,,,,,,,,,,,,,shape_4,shape_3,shape_2,shape_2,shape_4,1,1,3,,,,,,,,,,,,,,,,,,,,,1373.0863,1374.5742,1374.5743,1374.8418,right,1,1374.8418,1374.9418,1374.942,1375.929,space,0.9761,,0,5,5,2,1,0.2517,,,,,,,,,,,,,,,,,,,,,,,,,,,,,,,,,,,,,,,,,,,,,,,,,,,,,,,,,,,,,,,,,,,,,,,,,,,,,,,,,,,,,,,,,,,,,,,,,,,,,,,,,,,,,,,,,,,,,,,,,,,,,,,,,
,,,,,,,,,,,,,,,618522,001,2024-12-07_13h04.07.781,test,2024.1.4,Win32,59.52380952,674841e51ddba29a9dee134e,67546f35f927709209cd55ea,67548d8adc0c853401c11a3b,,,,,,,,,,,,,,,,,,,,,,,,,,,,,,,,,,,,,,,,,,,,,,,,,,,,,,,,,,,,,,2,demo,7,,,,,,,,,,,,,,,,,,shape_2,shape_4,shape_3,shape_2,shape_3,1,1,2,,,,,,,,,,,,,,,,,,,,,1375.9295,1377.4338,1377.4339,1377.5345,right,1,1377.5345,1377.6346,1377.6347,1378.538,space,0.8854,,0,6,6,1,1,0.0797,,,,,,,,,,,,,,,,,,,,,,,,,,,,,,,,,,,,,,,,,,,,,,,,,,,,,,,,,,,,,,,,,,,,,,,,,,,,,,,,,,,,,,,,,,,,,,,,,,,,,,,,,,,,,,,,,,,,,,,,,,,,,,,,,
,,,,,,,,,,,,,,,618522,001,2024-12-07_13h04.07.781,test,2024.1.4,Win32,59.52380952,674841e51ddba29a9dee134e,67546f35f927709209cd55ea,67548d8adc0c853401c11a3b,,,,,,,,,,,,,,,,,,,,,,,,,,,,,,,,,,,,,,,,,,,,,,,,,,,,,,,,,,,,,,10,demo,8,,,,,,,,,,,,,,,,,,shape_2,shape_3,shape_4,shape_2,shape_1,2,2,10,,,,,,,,,,,,,,,,,,,,,1378.5387,1380.0428,1380.0428,1380.1599,left,1,1380.16,1380.2604,1380.2604,1381.0296,space,0.7576,,0,7,7,9,1,0.0951,,,,,,,,,,,,,,,,,,,,,,,,,,,,,,,,,,,,,,,,,,,,,,,,,,,,,,,,,,,,,,,,,,,,,,,,,,,,,,,,,,,,,,,,,,,,,,,,,,,,,,,,,,,,,,,,,,,,,,,,,,,,,,,,,
,,,,,,,,,,,,,,,618522,001,2024-12-07_13h04.07.781,test,2024.1.4,Win32,59.52380952,674841e51ddba29a9dee134e,67546f35f927709209cd55ea,67548d8adc0c853401c11a3b,,,,,,,,,,,,,,,,,,,,,,,,,,,,,,,,,,,,,,,,,,,,,,,,,,,,,,,,,,,,,,4,demo,9,,,,,,,,,,,,,,,,,,shape_4,shape_3,shape_3,shape_2,shape_3,1,1,4,,,,,,,,,,,,,,,,,,,,,1381.0301,1382.5179,1382.518,1382.7522,right,1,1382.7524,1382.8523,1382.8524,1383.8059,space,0.9354,,0,8,8,3,1,0.2129,,,,,,,,,,,,,,,,,,,,,,,,,,,,,,,,,,,,,,,,,,,,,,,,,,,,,,,,,,,,,,,,,,,,,,,,,,,,,,,,,,,,,,,,,,,,,,,,,,,,,,,,,,,,,,,,,,,,,,,,,,,,,,,,,
,,,,,,,,,,,,,,,618522,001,2024-12-07_13h04.07.781,test,2024.1.4,Win32,59.52380952,674841e51ddba29a9dee134e,67546f35f927709209cd55ea,67548d8adc0c853401c11a3b,,,,,,,,,,,,,,,,,,,,,,,,,,,,,,,,,,,,,,,,,,,,,,,,,,,,,,,,,,,,,,1,demo,10,,,,,,,,,,,,,,,,,,shape_3,shape_2,shape_4,shape_3,shape_1,1,1,1,,,,,,,,,,,,,,,,,,,,,1383.8066,1385.3106,1385.3106,1385.545,left,0,1385.5451,1385.6453,1385.6453,1386.8162,space,1.1487,,0,9,9,0,1,0.2225,,,,,,,,,,,,,,,,,,,,,,,,,,,,,,,,,,,,,,,,,,,,,,,,,,,,,,,,,,,,,,,,,,,,,,,,,,,,,,,,,,,,,,,,,,,,,,,,,,,,,,,,,,,,,,,,,,,,,,,,,,,,,,,,,
,,,,,,,,,,,,,,,618522,001,2024-12-07_13h04.07.781,test,2024.1.4,Win32,59.52380952,674841e51ddba29a9dee134e,67546f35f927709209cd55ea,67548d8adc0c853401c11a3b,,,,,,,,,,,,,,,,,,,,,,,,,,,,,,,,,,,,,,,,,,,,,,,,,,,,,,,,,,,,,,,,,,,,,,,,,,,,,,,,,,,,,,,,,,,,,,,,,,,,,,,,,,,,,,,,,,,,,,,,,,,,,,,,,,1386.8167,1391.7835,space,4.9471,,,,,,,,,,,,,,,,,,,,,,,,,,,,,,,,,,,,,,,,,,,,,,,,,,,,,,,,,,,,,,,,,,,,,,,,,,,,,,,,,,,,,,,,,,,,,,,,,,,,,,,,,,,,,,,,,,,,,,,,,,,,
,,,,,,,,,,,,,,,618522,001,2024-12-07_13h04.07.781,test,2024.1.4,Win32,59.52380952,674841e51ddba29a9dee134e,67546f35f927709209cd55ea,67548d8adc0c853401c11a3b,,,,,,,,,,,,,,,,,,,,,,,,,,,,,,,,,,,,,,,,,,,,,,,,,,,,,,,,,,,,,,,,,,,,,,,,,,,,,,,,,,,,,,,,,,,,,,,,,,,,,,,,,,,,,,,,,,,,,,,,,,,,,,,,,,,,,,,1391.7838,1393.1895,space,1.3912,,,,,,,,,,,,,,,,,,,,,,,,,,,,,,,,,,,,,,,,,,,,,,,,,,,,,,,,,,,,,,,,,,,,,,,,,,,,,,,,,,,,,,,,,,,,,,,,,,,,,,,,,,,,,,,,,,,,,,,
,,,,,,,,,,,,,,,618522,001,2024-12-07_13h04.07.781,test,2024.1.4,Win32,59.52380952,674841e51ddba29a9dee134e,67546f35f927709209cd55ea,67548d8adc0c853401c11a3b,,,,,,,,,,,,,,,,,,,,,,,,,,,,,,,,,,,,,,,,,,,,,,,,,,,,,,,,,,,,,,,,,,,,,,,,,,,,,,,,,,,,,,,,,,,,,,,,,,,,,,,,,,,,,,,,,,,,,,,,,,,,,,,,,,,,,,,,,,,,1393.1898,1414.8127,space,21.4929,,,,,,,,,,,,,,,,,,,,,,,,,,,,,,,,,,,,,,,,,,,,,,,,,,,,,,,,,,,,,,,,,,,,,,,,,,,,,,,,,,,,,,,,,,,,,,,,,,,,,,,,,,,,,,,,,,
,,,,,,,,,,,,,,,618522,001,2024-12-07_13h04.07.781,test,2024.1.4,Win32,59.52380952,674841e51ddba29a9dee134e,67546f35f927709209cd55ea,67548d8adc0c853401c11a3b,,,,,,,,,,,,,,,,,,,,,,,,,,,,,,,,,,,,,,,,,,,,,,,,,,,,,,,,,,,,,,61,100_trials,,,,,,,,,,,,,,,,,,,shape_2,shape_1,shape_2,shape_1,shape_3,2,2,61,,,,,,,,,,,,,,,,,,,,,,,,,,,,,,,,,,,,,,,,,,,,,,,,,,,,,,,,1414.8412,0,0,1416.3344,1416.3348,1416.7105,,0,1416.7108,1416.7155,1416.7159,1418.9937,space,1.9085,,0,0,0,60,1,,,,,,,,,,,,,,,,,,,,,,,,,,,,,,,,,,,,,,,,,,,,,,,,,,,,,,,,,,,,,,,,,,,,,,,,,,,,,,,,,,,,,,,,,,,,,
,,,,,,,,,,,,,,,618522,001,2024-12-07_13h04.07.781,test,2024.1.4,Win32,59.52380952,674841e51ddba29a9dee134e,67546f35f927709209cd55ea,67548d8adc0c853401c11a3b,,,,,,,,,,,,,,,,,,,,,,,,,,,,,,,,,,,,,,,,,,,,,,,,,,,,,,,,,,,,,,50,100_trials,,,,,,,,,,,,,,,,,,,shape_3,shape_4,shape_4,shape_4,shape_4,1,1,50,,,,,,,,,,,,,,,,,,,,,,,,,,,,,,,,,,,,,,,,,,,,,,,,,,,,,,,,1418.9944,0,0,1420.4984,1420.4985,1420.8329,right,1,1420.833,1421.2111,1421.2111,1423.4583,space,2.1439,,0,1,1,49,1,0.3257,,,,,,,,,,,,,,,,,,,,,,,,,,,,,,,,,,,,,,,,,,,,,,,,,,,,,,,,,,,,,,,,,,,,,,,,,,,,,,,,,,,,,,,,,,,,
,,,,,,,,,,,,,,,618522,001,2024-12-07_13h04.07.781,test,2024.1.4,Win32,59.52380952,674841e51ddba29a9dee134e,67546f35f927709209cd55ea,67548d8adc0c853401c11a3b,,,,,,,,,,,,,,,,,,,,,,,,,,,,,,,,,,,,,,,,,,,,,,,,,,,,,,,,,,,,,,40,100_trials,,,,,,,,,,,,,,,,,,,shape_3,shape_3,shape_2,shape_4,shape_4,1,1,40,,,,,,,,,,,,,,,,,,,,,,,,,,,,,,,,,,,,,,,,,,,,,,,,,,,,,,,,1423.4587,1,1,1424.947,1424.9471,1424.9637,right,1,1424.9638,1425.0641,1425.0642,1426.2181,space,1.1395,,0,2,2,39,1,0.0015,,,,,,,,,,,,,,,,,,,,,,,,,,,,,,,,,,,,,,,,,,,,,,,,,,,,,,,,,,,,,,,,,,,,,,,,,,,,,,,,,,,,,,,,,,,,
,,,,,,,,,,,,,,,618522,001,2024-12-07_13h04.07.781,test,2024.1.4,Win32,59.52380952,674841e51ddba29a9dee134e,67546f35f927709209cd55ea,67548d8adc0c853401c11a3b,,,,,,,,,,,,,,,,,,,,,,,,,,,,,,,,,,,,,,,,,,,,,,,,,,,,,,,,,,,,,,87,100_trials,,,,,,,,,,,,,,,,,,,shape_3,shape_2,shape_1,shape_4,shape_3,2,1,87,,,,,,,,,,,,,,,,,,,,,,,,,,,,,,,,,,,,,,,,,,,,,,,,,,,,,,,,1426.2187,2,2,1427.7233,1427.7233,1428.225,,0,1428.2251,1428.3254,1428.3255,1430.1654,space,1.8189,,0,3,3,86,1,,,,,,,,,,,,,,,,,,,,,,,,,,,,,,,,,,,,,,,,,,,,,,,,,,,,,,,,,,,,,,,,,,,,,,,,,,,,,,,,,,,,,,,,,,,,,
,,,,,,,,,,,,,,,618522,001,2024-12-07_13h04.07.781,test,2024.1.4,Win32,59.52380952,674841e51ddba29a9dee134e,67546f35f927709209cd55ea,67548d8adc0c853401c11a3b,,,,,,,,,,,,,,,,,,,,,,,,,,,,,,,,,,,,,,,,,,,,,,,,,,,,,,,,,,,,,,42,100_trials,,,,,,,,,,,,,,,,,,,shape_3,shape_4,shape_2,shape_4,shape_4,1,1,42,,,,,,,,,,,,,,,,,,,,,,,,,,,,,,,,,,,,,,,,,,,,,,,,,,,,,,,,1430.1658,2,2,1431.6703,1431.6703,1431.821,right,1,1431.8211,1431.9212,1431.9212,1435.7674,space,3.7372,,0,4,4,41,1,0.1347,,,,,,,,,,,,,,,,,,,,,,,,,,,,,,,,,,,,,,,,,,,,,,,,,,,,,,,,,,,,,,,,,,,,,,,,,,,,,,,,,,,,,,,,,,,,
,,,,,,,,,,,,,,,618522,001,2024-12-07_13h04.07.781,test,2024.1.4,Win32,59.52380952,674841e51ddba29a9dee134e,67546f35f927709209cd55ea,67548d8adc0c853401c11a3b,,,,,,,,,,,,,,,,,,,,,,,,,,,,,,,,,,,,,,,,,,,,,,,,,,,,,,,,,,,,,,72,100_trials,,,,,,,,,,,,,,,,,,,shape_2,shape_2,shape_2,shape_2,shape_1,2,2,72,,,,,,,,,,,,,,,,,,,,,,,,,,,,,,,,,,,,,,,,,,,,,,,,,,,,,,,,1435.768,3,3,1437.2725,1437.2726,1437.5402,left,1,1437.5403,1437.6403,1437.6404,1438.7612,space,1.1048,,0,5,5,71,1,0.2489,,,,,,,,,,,,,,,,,,,,,,,,,,,,,,,,,,,,,,,,,,,,,,,,,,,,,,,,,,,,,,,,,,,,,,,,,,,,,,,,,,,,,,,,,,,,
,,,,,,,,,,,,,,,618522,001,2024-12-07_13h04.07.781,test,2024.1.4,Win32,59.52380952,674841e51ddba29a9dee134e,67546f35f927709209cd55ea,67548d8adc0c853401c11a3b,,,,,,,,,,,,,,,,,,,,,,,,,,,,,,,,,,,,,,,,,,,,,,,,,,,,,,,,,,,,,,82,100_trials,,,,,,,,,,,,,,,,,,,shape_2,shape_4,shape_1,shape_3,shape_2,2,2,82,,,,,,,,,,,,,,,,,,,,,,,,,,,,,,,,,,,,,,,,,,,,,,,,,,,,,,,,1438.7617,4,4,1440.2661,1440.2661,1440.3331,left,1,1440.3332,1440.4334,1440.4335,1441.2028,space,0.7473,,0,6,6,81,1,0.047,,,,,,,,,,,,,,,,,,,,,,,,,,,,,,,,,,,,,,,,,,,,,,,,,,,,,,,,,,,,,,,,,,,,,,,,,,,,,,,,,,,,,,,,,,,,
,,,,,,,,,,,,,,,618522,001,2024-12-07_13h04.07.781,test,2024.1.4,Win32,59.52380952,674841e51ddba29a9dee134e,67546f35f927709209cd55ea,67548d8adc0c853401c11a3b,,,,,,,,,,,,,,,,,,,,,,,,,,,,,,,,,,,,,,,,,,,,,,,,,,,,,,,,,,,,,,58,100_trials,,,,,,,,,,,,,,,,,,,shape_1,shape_2,shape_2,shape_2,shape_1,2,2,58,,,,,,,,,,,,,,,,,,,,,,,,,,,,,,,,,,,,,,,,,,,,,,,,,,,,,,,,1441.2033,5,5,1442.7079,1442.708,1442.9587,left,1,1442.9588,1443.0591,1443.0592,1443.7615,space,0.6848,,0,7,7,57,1,0.2277,,,,,,,,,,,,,,,,,,,,,,,,,,,,,,,,,,,,,,,,,,,,,,,,,,,,,,,,,,,,,,,,,,,,,,,,,,,,,,,,,,,,,,,,,,,,
,,,,,,,,,,,,,,,618522,001,2024-12-07_13h04.07.781,test,2024.1.4,Win32,59.52380952,674841e51ddba29a9dee134e,67546f35f927709209cd55ea,67548d8adc0c853401c11a3b,,,,,,,,,,,,,,,,,,,,,,,,,,,,,,,,,,,,,,,,,,,,,,,,,,,,,,,,,,,,,,4,100_trials,,,,,,,,,,,,,,,,,,,shape_4,shape_2,shape_2,shape_1,shape_3,1,2,4,,,,,,,,,,,,,,,,,,,,,,,,,,,,,,,,,,,,,,,,,,,,,,,,,,,,,,,,1443.7621,6,6,1445.2664,1445.2665,1445.7684,,0,1445.7686,1445.8688,1445.8689,1447.0227,space,1.1416,,0,8,8,3,1,,,,,,,,,,,,,,,,,,,,,,,,,,,,,,,,,,,,,,,,,,,,,,,,,,,,,,,,,,,,,,,,,,,,,,,,,,,,,,,,,,,,,,,,,,,,,
,,,,,,,,,,,,,,,618522,001,2024-12-07_13h04.07.781,test,2024.1.4,Win32,59.52380952,674841e51ddba29a9dee134e,67546f35f927709209cd55ea,67548d8adc0c853401c11a3b,,,,,,,,,,,,,,,,,,,,,,,,,,,,,,,,,,,,,,,,,,,,,,,,,,,,,,,,,,,,,,98,100_trials,,,,,,,,,,,,,,,,,,,shape_4,shape_3,shape_2,shape_3,shape_2,2,1,98,,,,,,,,,,,,,,,,,,,,,,,,,,,,,,,,,,,,,,,,,,,,,,,,,,,,,,,,1447.0232,6,6,1448.5278,1448.5278,1449.013,left,1,1449.0132,1449.1133,1449.1133,1449.7321,space,0.5075,,0,9,9,97,1,0.469,,,,,,,,,,,,,,,,,,,,,,,,,,,,,,,,,,,,,,,,,,,,,,,,,,,,,,,,,,,,,,,,,,,,,,,,,,,,,,,,,,,,,,,,,,,,
,,,,,,,,,,,,,,,618522,001,2024-12-07_13h04.07.781,test,2024.1.4,Win32,59.52380952,674841e51ddba29a9dee134e,67546f35f927709209cd55ea,67548d8adc0c853401c11a3b,,,,,,,,,,,,,,,,,,,,,,,,,,,,,,,,,,,,,,,,,,,,,,,,,,,,,,,,,,,,,,43,100_trials,,,,,,,,,,,,,,,,,,,shape_3,shape_4,shape_2,shape_4,shape_4,1,1,43,,,,,,,,,,,,,,,,,,,,,,,,,,,,,,,,,,,,,,,,,,,,,,,,,,,,,,,,1449.7327,7,7,1451.2232,1451.2233,1451.5212,right,1,1451.5213,1451.6219,1451.622,1452.157,space,0.5147,,0,10,10,42,1,0.275,,,,,,,,,,,,,,,,,,,,,,,,,,,,,,,,,,,,,,,,,,,,,,,,,,,,,,,,,,,,,,,,,,,,,,,,,,,,,,,,,,,,,,,,,,,,
,,,,,,,,,,,,,,,618522,001,2024-12-07_13h04.07.781,test,2024.1.4,Win32,59.52380952,674841e51ddba29a9dee134e,67546f35f927709209cd55ea,67548d8adc0c853401c11a3b,,,,,,,,,,,,,,,,,,,,,,,,,,,,,,,,,,,,,,,,,,,,,,,,,,,,,,,,,,,,,,30,100_trials,,,,,,,,,,,,,,,,,,,shape_2,shape_3,shape_4,shape_2,shape_4,1,1,30,,,,,,,,,,,,,,,,,,,,,,,,,,,,,,,,,,,,,,,,,,,,,,,,,,,,,,,,1452.1577,8,8,1453.6618,1453.6618,1453.9471,left,0,1453.9472,1454.0469,1454.0469,1454.6488,space,0.4799,,0,11,11,29,1,0.2688,,,,,,,,,,,,,,,,,,,,,,,,,,,,,,,,,,,,,,,,,,,,,,,,,,,,,,,,,,,,,,,,,,,,,,,,,,,,,,,,,,,,,,,,,,,,
,,,,,,,,,,,,,,,618522,001,2024-12-07_13h04.07.781,test,2024.1.4,Win32,59.52380952,674841e51ddba29a9dee134e,67546f35f927709209cd55ea,67548d8adc0c853401c11a3b,,,,,,,,,,,,,,,,,,,,,,,,,,,,,,,,,,,,,,,,,,,,,,,,,,,,,,,,,,,,,,64,100_trials,,,,,,,,,,,,,,,,,,,shape_1,shape_3,shape_2,shape_1,shape_3,2,2,64,,,,,,,,,,,,,,,,,,,,,,,,,,,,,,,,,,,,,,,,,,,,,,,,,,,,,,,,1454.6494,9,7,1456.1541,1456.1541,1456.472,left,1,1456.4721,1456.572,1456.5721,1457.1242,space,0.4657,,0,12,12,63,1,0.2989,,,,,,,,,,,,,,,,,,,,,,,,,,,,,,,,,,,,,,,,,,,,,,,,,,,,,,,,,,,,,,,,,,,,,,,,,,,,,,,,,,,,,,,,,,,,
,,,,,,,,,,,,,,,618522,001,2024-12-07_13h04.07.781,test,2024.1.4,Win32,59.52380952,674841e51ddba29a9dee134e,67546f35f927709209cd55ea,67548d8adc0c853401c11a3b,,,,,,,,,,,,,,,,,,,,,,,,,,,,,,,,,,,,,,,,,,,,,,,,,,,,,,,,,,,,,,51,100_trials,,,,,,,,,,,,,,,,,,,shape_1,shape_2,shape_1,shape_1,shape_1,2,2,51,,,,,,,,,,,,,,,,,,,,,,,,,,,,,,,,,,,,,,,,,,,,,,,,,,,,,,,,1457.1246,10,8,1458.629,1458.629,1458.9302,left,1,1458.9303,1459.0303,1459.0303,1459.5659,space,0.5182,,0,13,13,50,1,0.2798,,,,,,,,,,,,,,,,,,,,,,,,,,,,,,,,,,,,,,,,,,,,,,,,,,,,,,,,,,,,,,,,,,,,,,,,,,,,,,,,,,,,,,,,,,,,
,,,,,,,,,,,,,,,618522,001,2024-12-07_13h04.07.781,test,2024.1.4,Win32,59.52380952,674841e51ddba29a9dee134e,67546f35f927709209cd55ea,67548d8adc0c853401c11a3b,,,,,,,,,,,,,,,,,,,,,,,,,,,,,,,,,,,,,,,,,,,,,,,,,,,,,,,,,,,,,,28,100_trials,,,,,,,,,,,,,,,,,,,shape_2,shape_3,shape_4,shape_2,shape_4,1,1,28,,,,,,,,,,,,,,,,,,,,,,,,,,,,,,,,,,,,,,,,,,,,,,,,,,,,,,,,1459.5664,11,9,1461.0709,1461.071,1461.5724,,0,1461.5725,1461.6729,1461.6729,1462.5091,space,0.8168,,0,14,14,27,1,,,,,,,,,,,,,,,,,,,,,,,,,,,,,,,,,,,,,,,,,,,,,,,,,,,,,,,,,,,,,,,,,,,,,,,,,,,,,,,,,,,,,,,,,,,,,
,,,,,,,,,,,,,,,618522,001,2024-12-07_13h04.07.781,test,2024.1.4,Win32,59.52380952,674841e51ddba29a9dee134e,67546f35f927709209cd55ea,67548d8adc0c853401c11a3b,,,,,,,,,,,,,,,,,,,,,,,,,,,,,,,,,,,,,,,,,,,,,,,,,,,,,,,,,,,,,,13,100_trials,,,,,,,,,,,,,,,,,,,shape_1,shape_3,shape_3,shape_3,shape_3,1,1,13,,,,,,,,,,,,,,,,,,,,,,,,,,,,,,,,,,,,,,,,,,,,,,,,,,,,,,,,1462.5097,11,9,1464.0142,1464.0142,1464.2652,right,1,1464.2653,1464.3654,1464.3655,1464.9171,space,0.4533,,0,15,15,12,1,0.2351,,,,,,,,,,,,,,,,,,,,,,,,,,,,,,,,,,,,,,,,,,,,,,,,,,,,,,,,,,,,,,,,,,,,,,,,,,,,,,,,,,,,,,,,,,,,
,,,,,,,,,,,,,,,618522,001,2024-12-07_13h04.07.781,test,2024.1.4,Win32,59.52380952,674841e51ddba29a9dee134e,67546f35f927709209cd55ea,67548d8adc0c853401c11a3b,,,,,,,,,,,,,,,,,,,,,,,,,,,,,,,,,,,,,,,,,,,,,,,,,,,,,,,,,,,,,,90,100_trials,,,,,,,,,,,,,,,,,,,shape_2,shape_2,shape_2,shape_2,shape_2,2,2,90,,,,,,,,,,,,,,,,,,,,,,,,,,,,,,,,,,,,,,,,,,,,,,,,,,,,,,,,1464.9174,12,10,1466.4059,1466.4059,1466.6067,left,1,1466.6068,1466.7069,1466.7069,1467.2086,space,0.4835,,0,16,16,89,1,0.1768,,,,,,,,,,,,,,,,,,,,,,,,,,,,,,,,,,,,,,,,,,,,,,,,,,,,,,,,,,,,,,,,,,,,,,,,,,,,,,,,,,,,,,,,,,,,
,,,,,,,,,,,,,,,618522,001,2024-12-07_13h04.07.781,test,2024.1.4,Win32,59.52380952,674841e51ddba29a9dee134e,67546f35f927709209cd55ea,67548d8adc0c853401c11a3b,,,,,,,,,,,,,,,,,,,,,,,,,,,,,,,,,,,,,,,,,,,,,,,,,,,,,,,,,,,,,,39,100_trials,,,,,,,,,,,,,,,,,,,shape_3,shape_3,shape_2,shape_4,shape_4,1,1,39,,,,,,,,,,,,,,,,,,,,,,,,,,,,,,,,,,,,,,,,,,,,,,,,,,,,,,,,1467.2091,13,11,1468.7137,1468.7137,1469.2154,,0,1469.2155,1469.3157,1469.3158,1469.8345,space,0.499,,0,17,17,38,1,,,,,,,,,,,,,,,,,,,,,,,,,,,,,,,,,,,,,,,,,,,,,,,,,,,,,,,,,,,,,,,,,,,,,,,,,,,,,,,,,,,,,,,,,,,,,
,,,,,,,,,,,,,,,618522,001,2024-12-07_13h04.07.781,test,2024.1.4,Win32,59.52380952,674841e51ddba29a9dee134e,67546f35f927709209cd55ea,67548d8adc0c853401c11a3b,,,,,,,,,,,,,,,,,,,,,,,,,,,,,,,,,,,,,,,,,,,,,,,,,,,,,,,,,,,,,,73,100_trials,,,,,,,,,,,,,,,,,,,shape_2,shape_1,shape_2,shape_2,shape_3,2,2,73,,,,,,,,,,,,,,,,,,,,,,,,,,,,,,,,,,,,,,,,,,,,,,,,,,,,,,,,1469.835,13,11,1471.3393,1471.3395,1471.3898,right,0,1471.3899,1471.4899,1471.49,1472.0586,space,0.4633,,0,18,18,72,1,0.0355,,,,,,,,,,,,,,,,,,,,,,,,,,,,,,,,,,,,,,,,,,,,,,,,,,,,,,,,,,,,,,,,,,,,,,,,,,,,,,,,,,,,,,,,,,,,
,,,,,,,,,,,,,,,618522,001,2024-12-07_13h04.07.781,test,2024.1.4,Win32,59.52380952,674841e51ddba29a9dee134e,67546f35f927709209cd55ea,67548d8adc0c853401c11a3b,,,,,,,,,,,,,,,,,,,,,,,,,,,,,,,,,,,,,,,,,,,,,,,,,,,,,,,,,,,,,,59,100_trials,,,,,,,,,,,,,,,,,,,shape_2,shape_1,shape_2,shape_1,shape_3,2,2,59,,,,,,,,,,,,,,,,,,,,,,,,,,,,,,,,,,,,,,,,,,,,,,,,,,,,,,,,1472.0592,14,10,1473.5638,1473.5639,1473.8649,left,1,1473.865,1473.965,1473.9652,1474.4836,space,0.4295,,0,19,19,58,1,0.2756,,,,,,,,,,,,,,,,,,,,,,,,,,,,,,,,,,,,,,,,,,,,,,,,,,,,,,,,,,,,,,,,,,,,,,,,,,,,,,,,,,,,,,,,,,,,
,,,,,,,,,,,,,,,618522,001,2024-12-07_13h04.07.781,test,2024.1.4,Win32,59.52380952,674841e51ddba29a9dee134e,67546f35f927709209cd55ea,67548d8adc0c853401c11a3b,,,,,,,,,,,,,,,,,,,,,,,,,,,,,,,,,,,,,,,,,,,,,,,,,,,,,,,,,,,,,,24,100_trials,,,,,,,,,,,,,,,,,,,shape_3,shape_2,shape_2,shape_3,shape_4,1,1,24,,,,,,,,,,,,,,,,,,,,,,,,,,,,,,,,,,,,,,,,,,,,,,,,,,,,,,,,1474.4842,15,11,1475.9886,1475.9887,1476.2896,left,0,1476.2898,1476.3902,1476.3902,1476.8586,space,0.3732,,0,20,20,23,1,0.2783,,,,,,,,,,,,,,,,,,,,,,,,,,,,,,,,,,,,,,,,,,,,,,,,,,,,,,,,,,,,,,,,,,,,,,,,,,,,,,,,,,,,,,,,,,,,
,,,,,,,,,,,,,,,618522,001,2024-12-07_13h04.07.781,test,2024.1.4,Win32,59.52380952,674841e51ddba29a9dee134e,67546f35f927709209cd55ea,67548d8adc0c853401c11a3b,,,,,,,,,,,,,,,,,,,,,,,,,,,,,,,,,,,,,,,,,,,,,,,,,,,,,,,,,,,,,,15,100_trials,,,,,,,,,,,,,,,,,,,shape_1,shape_4,shape_3,shape_3,shape_4,1,1,15,,,,,,,,,,,,,,,,,,,,,,,,,,,,,,,,,,,,,,,,,,,,,,,,,,,,,,,,1476.8591,16,10,1478.3635,1478.3636,1478.7317,left,0,1478.7317,1478.8321,1478.8321,1479.5845,space,0.7321,,0,21,21,14,1,0.3426,,,,,,,,,,,,,,,,,,,,,,,,,,,,,,,,,,,,,,,,,,,,,,,,,,,,,,,,,,,,,,,,,,,,,,,,,,,,,,,,,,,,,,,,,,,,
,,,,,,,,,,,,,,,618522,001,2024-12-07_13h04.07.781,test,2024.1.4,Win32,59.52380952,674841e51ddba29a9dee134e,67546f35f927709209cd55ea,67548d8adc0c853401c11a3b,,,,,,,,,,,,,,,,,,,,,,,,,,,,,,,,,,,,,,,,,,,,,,,,,,,,,,,,,,,,,,14,100_trials,,,,,,,,,,,,,,,,,,,shape_4,shape_3,shape_3,shape_3,shape_1,1,1,14,,,,,,,,,,,,,,,,,,,,,,,,,,,,,,,,,,,,,,,,,,,,,,,,,,,,,,,,1479.585,17,9,1481.0729,1481.073,1481.3573,right,1,1481.3574,1481.4576,1481.4576,1481.9423,space,0.3961,,0,22,22,13,1,0.2612,,,,,,,,,,,,,,,,,,,,,,,,,,,,,,,,,,,,,,,,,,,,,,,,,,,,,,,,,,,,,,,,,,,,,,,,,,,,,,,,,,,,,,,,,,,,
,,,,,,,,,,,,,,,618522,001,2024-12-07_13h04.07.781,test,2024.1.4,Win32,59.52380952,674841e51ddba29a9dee134e,67546f35f927709209cd55ea,67548d8adc0c853401c11a3b,,,,,,,,,,,,,,,,,,,,,,,,,,,,,,,,,,,,,,,,,,,,,,,,,,,,,,,,,,,,,,74,100_trials,,,,,,,,,,,,,,,,,,,shape_2,shape_1,shape_2,shape_2,shape_3,2,2,74,,,,,,,,,,,,,,,,,,,,,,,,,,,,,,,,,,,,,,,,,,,,,,,,,,,,,,,,1481.9427,18,10,1483.4309,1483.431,1483.7655,left,1,1483.7656,1483.8655,1483.8655,1484.2506,space,0.364,,0,23,23,73,1,0.3149,,,,,,,,,,,,,,,,,,,,,,,,,,,,,,,,,,,,,,,,,,,,,,,,,,,,,,,,,,,,,,,,,,,,,,,,,,,,,,,,,,,,,,,,,,,,
,,,,,,,,,,,,,,,618522,001,2024-12-07_13h04.07.781,test,2024.1.4,Win32,59.52380952,674841e51ddba29a9dee134e,67546f35f927709209cd55ea,67548d8adc0c853401c11a3b,,,,,,,,,,,,,,,,,,,,,,,,,,,,,,,,,,,,,,,,,,,,,,,,,,,,,,,,,,,,,,1,100_trials,,,,,,,,,,,,,,,,,,,shape_1,shape_2,shape_4,shape_3,shape_1,1,2,1,,,,,,,,,,,,,,,,,,,,,,,,,,,,,,,,,,,,,,,,,,,,,,,,,,,,,,,,1484.2511,19,11,1485.7554,1485.7555,1485.9396,left,0,1485.9397,1486.0398,1486.0399,1486.4246,space,0.3,,0,24,24,0,1,0.1598,,,,,,,,,,,,,,,,,,,,,,,,,,,,,,,,,,,,,,,,,,,,,,,,,,,,,,,,,,,,,,,,,,,,,,,,,,,,,,,,,,,,,,,,,,,,
,,,,,,,,,,,,,,,618522,001,2024-12-07_13h04.07.781,test,2024.1.4,Win32,59.52380952,674841e51ddba29a9dee134e,67546f35f927709209cd55ea,67548d8adc0c853401c11a3b,,,,,,,,,,,,,,,,,,,,,,,,,,,,,,,,,,,,,,,,,,,,,,,,,,,,,,,,,,,,,,45,100_trials,,,,,,,,,,,,,,,,,,,shape_3,shape_3,shape_3,shape_3,shape_4,1,1,45,,,,,,,,,,,,,,,,,,,,,,,,,,,,,,,,,,,,,,,,,,,,,,,,,,,,,,,,1486.4251,20,10,1487.9295,1487.9297,1488.0132,right,1,1488.0133,1488.1133,1488.1134,1488.6487,space,0.4652,,0,25,25,44,1,0.061,,,,,,,,,,,,,,,,,,,,,,,,,,,,,,,,,,,,,,,,,,,,,,,,,,,,,,,,,,,,,,,,,,,,,,,,,,,,,,,,,,,,,,,,,,,,
,,,,,,,,,,,,,,,618522,001,2024-12-07_13h04.07.781,test,2024.1.4,Win32,59.52380952,674841e51ddba29a9dee134e,67546f35f927709209cd55ea,67548d8adc0c853401c11a3b,,,,,,,,,,,,,,,,,,,,,,,,,,,,,,,,,,,,,,,,,,,,,,,,,,,,,,,,,,,,,,5,100_trials,,,,,,,,,,,,,,,,,,,shape_4,shape_2,shape_2,shape_1,shape_3,1,2,5,,,,,,,,,,,,,,,,,,,,,,,,,,,,,,,,,,,,,,,,,,,,,,,,,,,,,,,,1488.6494,21,11,1490.1538,1490.1539,1490.4385,left,0,1490.4385,1490.5386,1490.5387,1490.9067,space,0.2693,,0,26,26,4,1,0.26,,,,,,,,,,,,,,,,,,,,,,,,,,,,,,,,,,,,,,,,,,,,,,,,,,,,,,,,,,,,,,,,,,,,,,,,,,,,,,,,,,,,,,,,,,,,
,,,,,,,,,,,,,,,618522,001,2024-12-07_13h04.07.781,test,2024.1.4,Win32,59.52380952,674841e51ddba29a9dee134e,67546f35f927709209cd55ea,67548d8adc0c853401c11a3b,,,,,,,,,,,,,,,,,,,,,,,,,,,,,,,,,,,,,,,,,,,,,,,,,,,,,,,,,,,,,,86,100_trials,,,,,,,,,,,,,,,,,,,shape_3,shape_2,shape_1,shape_3,shape_3,2,2,86,,,,,,,,,,,,,,,,,,,,,,,,,,,,,,,,,,,,,,,,,,,,,,,,,,,,,,,,1490.9072,22,10,1492.4116,1492.4117,1492.7964,right,0,1492.7965,1492.8965,1492.8965,1493.2647,space,0.3478,,0,27,27,85,1,0.3649,,,,,,,,,,,,,,,,,,,,,,,,,,,,,,,,,,,,,,,,,,,,,,,,,,,,,,,,,,,,,,,,,,,,,,,,,,,,,,,,,,,,,,,,,,,,
,,,,,,,,,,,,,,,618522,001,2024-12-07_13h04.07.781,test,2024.1.4,Win32,59.52380952,674841e51ddba29a9dee134e,67546f35f927709209cd55ea,67548d8adc0c853401c11a3b,,,,,,,,,,,,,,,,,,,,,,,,,,,,,,,,,,,,,,,,,,,,,,,,,,,,,,,,,,,,,,21,100_trials,,,,,,,,,,,,,,,,,,,shape_4,shape_4,shape_2,shape_2,shape_2,1,1,21,,,,,,,,,,,,,,,,,,,,,,,,,,,,,,,,,,,,,,,,,,,,,,,,,,,,,,,,1493.2652,23,9,1494.7696,1494.7697,1495.1546,left,0,1495.1548,1495.2546,1495.2547,1495.5892,space,0.3155,,0,28,28,20,1,0.3618,,,,,,,,,,,,,,,,,,,,,,,,,,,,,,,,,,,,,,,,,,,,,,,,,,,,,,,,,,,,,,,,,,,,,,,,,,,,,,,,,,,,,,,,,,,,
,,,,,,,,,,,,,,,618522,001,2024-12-07_13h04.07.781,test,2024.1.4,Win32,59.52380952,674841e51ddba29a9dee134e,67546f35f927709209cd55ea,67548d8adc0c853401c11a3b,,,,,,,,,,,,,,,,,,,,,,,,,,,,,,,,,,,,,,,,,,,,,,,,,,,,,,,,,,,,,,2,100_trials,,,,,,,,,,,,,,,,,,,shape_3,shape_2,shape_2,shape_1,shape_2,1,2,2,,,,,,,,,,,,,,,,,,,,,,,,,,,,,,,,,,,,,,,,,,,,,,,,,,,,,,,,1495.5897,24,8,1497.0777,1497.0777,1497.312,right,1,1497.3122,1497.4121,1497.4123,1497.8638,space,0.3569,,0,29,29,1,1,0.2094,,,,,,,,,,,,,,,,,,,,,,,,,,,,,,,,,,,,,,,,,,,,,,,,,,,,,,,,,,,,,,,,,,,,,,,,,,,,,,,,,,,,,,,,,,,,
,,,,,,,,,,,,,,,618522,001,2024-12-07_13h04.07.781,test,2024.1.4,Win32,59.52380952,674841e51ddba29a9dee134e,67546f35f927709209cd55ea,67548d8adc0c853401c11a3b,,,,,,,,,,,,,,,,,,,,,,,,,,,,,,,,,,,,,,,,,,,,,,,,,,,,,,,,,,,,,,53,100_trials,,,,,,,,,,,,,,,,,,,shape_3,shape_2,shape_1,shape_1,shape_1,2,2,53,,,,,,,,,,,,,,,,,,,,,,,,,,,,,,,,,,,,,,,,,,,,,,,,,,,,,,,,1497.8644,25,9,1499.3686,1499.3687,1499.6367,left,1,1499.6367,1499.7369,1499.737,1500.1049,space,0.3461,,0,30,30,52,1,0.2417,,,,,,,,,,,,,,,,,,,,,,,,,,,,,,,,,,,,,,,,,,,,,,,,,,,,,,,,,,,,,,,,,,,,,,,,,,,,,,,,,,,,,,,,,,,,
,,,,,,,,,,,,,,,618522,001,2024-12-07_13h04.07.781,test,2024.1.4,Win32,59.52380952,674841e51ddba29a9dee134e,67546f35f927709209cd55ea,67548d8adc0c853401c11a3b,,,,,,,,,,,,,,,,,,,,,,,,,,,,,,,,,,,,,,,,,,,,,,,,,,,,,,,,,,,,,,91,100_trials,,,,,,,,,,,,,,,,,,,shape_2,shape_2,shape_3,shape_2,shape_2,2,2,91,,,,,,,,,,,,,,,,,,,,,,,,,,,,,,,,,,,,,,,,,,,,,,,,,,,,,,,,1500.1054,26,10,1501.6098,1501.61,1501.861,left,1,1501.861,1501.961,1501.9612,1502.3122,space,0.331,,0,31,31,90,1,0.2255,,,,,,,,,,,,,,,,,,,,,,,,,,,,,,,,,,,,,,,,,,,,,,,,,,,,,,,,,,,,,,,,,,,,,,,,,,,,,,,,,,,,,,,,,,,,
,,,,,,,,,,,,,,,618522,001,2024-12-07_13h04.07.781,test,2024.1.4,Win32,59.52380952,674841e51ddba29a9dee134e,67546f35f927709209cd55ea,67548d8adc0c853401c11a3b,,,,,,,,,,,,,,,,,,,,,,,,,,,,,,,,,,,,,,,,,,,,,,,,,,,,,,,,,,,,,,36,100_trials,,,,,,,,,,,,,,,,,,,shape_4,shape_2,shape_3,shape_3,shape_3,1,1,36,,,,,,,,,,,,,,,,,,,,,,,,,,,,,,,,,,,,,,,,,,,,,,,,,,,,,,,,1502.3128,27,11,1503.8007,1503.8007,1504.0852,right,1,1504.0853,1504.1853,1504.1853,1504.5032,space,0.3026,,0,32,32,35,1,0.2632,,,,,,,,,,,,,,,,,,,,,,,,,,,,,,,,,,,,,,,,,,,,,,,,,,,,,,,,,,,,,,,,,,,,,,,,,,,,,,,,,,,,,,,,,,,,
,,,,,,,,,,,,,,,618522,001,2024-12-07_13h04.07.781,test,2024.1.4,Win32,59.52380952,674841e51ddba29a9dee134e,67546f35f927709209cd55ea,67548d8adc0c853401c11a3b,,,,,,,,,,,,,,,,,,,,,,,,,,,,,,,,,,,,,,,,,,,,,,,,,,,,,,,,,,,,,,56,100_trials,,,,,,,,,,,,,,,,,,,shape_3,shape_1,shape_1,shape_1,shape_3,2,2,56,,,,,,,,,,,,,,,,,,,,,,,,,,,,,,,,,,,,,,,,,,,,,,,,,,,,,,,,1504.5038,28,12,1506.0082,1506.0083,1506.2767,right,0,1506.2768,1506.3762,1506.3764,1506.8781,space,0.4101,,0,33,33,55,1,0.2515,,,,,,,,,,,,,,,,,,,,,,,,,,,,,,,,,,,,,,,,,,,,,,,,,,,,,,,,,,,,,,,,,,,,,,,,,,,,,,,,,,,,,,,,,,,,
,,,,,,,,,,,,,,,618522,001,2024-12-07_13h04.07.781,test,2024.1.4,Win32,59.52380952,674841e51ddba29a9dee134e,67546f35f927709209cd55ea,67548d8adc0c853401c11a3b,,,,,,,,,,,,,,,,,,,,,,,,,,,,,,,,,,,,,,,,,,,,,,,,,,,,,,,,,,,,,,35,100_trials,,,,,,,,,,,,,,,,,,,shape_4,shape_2,shape_3,shape_3,shape_3,1,1,35,,,,,,,,,,,,,,,,,,,,,,,,,,,,,,,,,,,,,,,,,,,,,,,,,,,,,,,,1506.8786,29,11,1508.3829,1508.383,1508.7177,right,1,1508.7178,1508.8179,1508.818,1509.219,space,0.3019,,0,34,34,34,1,0.3093,,,,,,,,,,,,,,,,,,,,,,,,,,,,,,,,,,,,,,,,,,,,,,,,,,,,,,,,,,,,,,,,,,,,,,,,,,,,,,,,,,,,,,,,,,,,
,,,,,,,,,,,,,,,618522,001,2024-12-07_13h04.07.781,test,2024.1.4,Win32,59.52380952,674841e51ddba29a9dee134e,67546f35f927709209cd55ea,67548d8adc0c853401c11a3b,,,,,,,,,,,,,,,,,,,,,,,,,,,,,,,,,,,,,,,,,,,,,,,,,,,,,,,,,,,,,,16,100_trials,,,,,,,,,,,,,,,,,,,shape_3,shape_4,shape_4,shape_4,shape_1,1,1,16,,,,,,,,,,,,,,,,,,,,,,,,,,,,,,,,,,,,,,,,,,,,,,,,,,,,,,,,1509.2195,30,12,1510.7076,1510.7078,1511.2094,,0,1511.2096,1511.3099,1511.31,1511.8282,space,0.4991,,0,35,35,15,1,,,,,,,,,,,,,,,,,,,,,,,,,,,,,,,,,,,,,,,,,,,,,,,,,,,,,,,,,,,,,,,,,,,,,,,,,,,,,,,,,,,,,,,,,,,,,
,,,,,,,,,,,,,,,618522,001,2024-12-07_13h04.07.781,test,2024.1.4,Win32,59.52380952,674841e51ddba29a9dee134e,67546f35f927709209cd55ea,67548d8adc0c853401c11a3b,,,,,,,,,,,,,,,,,,,,,,,,,,,,,,,,,,,,,,,,,,,,,,,,,,,,,,,,,,,,,,100,100_trials,,,,,,,,,,,,,,,,,,,shape_3,shape_3,shape_3,shape_4,shape_2,2,1,100,,,,,,,,,,,,,,,,,,,,,,,,,,,,,,,,,,,,,,,,,,,,,,,,,,,,,,,,1511.8289,30,12,1513.3167,1513.3168,1513.5008,right,0,1513.5009,1513.6009,1513.6009,1513.9697,space,0.2767,,0,36,36,99,1,0.1767,,,,,,,,,,,,,,,,,,,,,,,,,,,,,,,,,,,,,,,,,,,,,,,,,,,,,,,,,,,,,,,,,,,,,,,,,,,,,,,,,,,,,,,,,,,,
,,,,,,,,,,,,,,,618522,001,2024-12-07_13h04.07.781,test,2024.1.4,Win32,59.52380952,674841e51ddba29a9dee134e,67546f35f927709209cd55ea,67548d8adc0c853401c11a3b,,,,,,,,,,,,,,,,,,,,,,,,,,,,,,,,,,,,,,,,,,,,,,,,,,,,,,,,,,,,,,57,100_trials,,,,,,,,,,,,,,,,,,,shape_1,shape_2,shape_2,shape_2,shape_1,2,2,57,,,,,,,,,,,,,,,,,,,,,,,,,,,,,,,,,,,,,,,,,,,,,,,,,,,,,,,,1513.9702,31,11,1515.474,1515.4741,1515.7751,left,1,1515.7753,1515.8753,1515.8753,1516.3269,space,0.3524,,0,37,37,56,1,0.2782,,,,,,,,,,,,,,,,,,,,,,,,,,,,,,,,,,,,,,,,,,,,,,,,,,,,,,,,,,,,,,,,,,,,,,,,,,,,,,,,,,,,,,,,,,,,
,,,,,,,,,,,,,,,618522,001,2024-12-07_13h04.07.781,test,2024.1.4,Win32,59.52380952,674841e51ddba29a9dee134e,67546f35f927709209cd55ea,67548d8adc0c853401c11a3b,,,,,,,,,,,,,,,,,,,,,,,,,,,,,,,,,,,,,,,,,,,,,,,,,,,,,,,,,,,,,,65,100_trials,,,,,,,,,,,,,,,,,,,shape_1,shape_3,shape_2,shape_1,shape_3,2,2,65,,,,,,,,,,,,,,,,,,,,,,,,,,,,,,,,,,,,,,,,,,,,,,,,,,,,,,,,1516.3275,32,12,1517.8154,1517.8155,1518.1167,left,1,1518.1168,1518.2168,1518.2169,1518.5514,space,0.3138,,0,38,38,64,1,0.2753,,,,,,,,,,,,,,,,,,,,,,,,,,,,,,,,,,,,,,,,,,,,,,,,,,,,,,,,,,,,,,,,,,,,,,,,,,,,,,,,,,,,,,,,,,,,
,,,,,,,,,,,,,,,618522,001,2024-12-07_13h04.07.781,test,2024.1.4,Win32,59.52380952,674841e51ddba29a9dee134e,67546f35f927709209cd55ea,67548d8adc0c853401c11a3b,,,,,,,,,,,,,,,,,,,,,,,,,,,,,,,,,,,,,,,,,,,,,,,,,,,,,,,,,,,,,,49,100_trials,,,,,,,,,,,,,,,,,,,shape_3,shape_4,shape_3,shape_4,shape_4,1,1,49,,,,,,,,,,,,,,,,,,,,,,,,,,,,,,,,,,,,,,,,,,,,,,,,,,,,,,,,1518.552,33,13,1520.0564,1520.0565,1520.2909,right,1,1520.2909,1520.3908,1520.3909,1520.7255,space,0.319,,0,39,39,48,1,0.2129,,,,,,,,,,,,,,,,,,,,,,,,,,,,,,,,,,,,,,,,,,,,,,,,,,,,,,,,,,,,,,,,,,,,,,,,,,,,,,,,,,,,,,,,,,,,
,,,,,,,,,,,,,,,618522,001,2024-12-07_13h04.07.781,test,2024.1.4,Win32,59.52380952,674841e51ddba29a9dee134e,67546f35f927709209cd55ea,67548d8adc0c853401c11a3b,,,,,,,,,,,,,,,,,,,,,,,,,,,,,,,,,,,,,,,,,,,,,,,,,,,,,,,,,,,,,,31,100_trials,,,,,,,,,,,,,,,,,,,shape_4,shape_4,shape_2,shape_4,shape_2,1,1,31,,,,,,,,,,,,,,,,,,,,,,,,,,,,,,,,,,,,,,,,,,,,,,,,,,,,,,,,1520.726,34,14,1522.214,1522.2141,1522.5147,right,1,1522.5148,1522.6152,1522.6154,1522.9666,space,0.33,,0,40,40,30,1,0.2845,,,,,,,,,,,,,,,,,,,,,,,,,,,,,,,,,,,,,,,,,,,,,,,,,,,,,,,,,,,,,,,,,,,,,,,,,,,,,,,,,,,,,,,,,,,,
,,,,,,,,,,,,,,,618522,001,2024-12-07_13h04.07.781,test,2024.1.4,Win32,59.52380952,674841e51ddba29a9dee134e,67546f35f927709209cd55ea,67548d8adc0c853401c11a3b,,,,,,,,,,,,,,,,,,,,,,,,,,,,,,,,,,,,,,,,,,,,,,,,,,,,,,,,,,,,,,99,100_trials,,,,,,,,,,,,,,,,,,,shape_3,shape_3,shape_3,shape_3,shape_2,2,1,99,,,,,,,,,,,,,,,,,,,,,,,,,,,,,,,,,,,,,,,,,,,,,,,,,,,,,,,,1522.9671,35,15,1524.4716,1524.4717,1524.7726,right,0,1524.7728,1524.8727,1524.8728,1525.2411,space,0.2906,,0,41,41,98,1,0.2762,,,,,,,,,,,,,,,,,,,,,,,,,,,,,,,,,,,,,,,,,,,,,,,,,,,,,,,,,,,,,,,,,,,,,,,,,,,,,,,,,,,,,,,,,,,,
,,,,,,,,,,,,,,,618522,001,2024-12-07_13h04.07.781,test,2024.1.4,Win32,59.52380952,674841e51ddba29a9dee134e,67546f35f927709209cd55ea,67548d8adc0c853401c11a3b,,,,,,,,,,,,,,,,,,,,,,,,,,,,,,,,,,,,,,,,,,,,,,,,,,,,,,,,,,,,,,83,100_trials,,,,,,,,,,,,,,,,,,,shape_2,shape_4,shape_1,shape_3,shape_2,2,2,83,,,,,,,,,,,,,,,,,,,,,,,,,,,,,,,,,,,,,,,,,,,,,,,,,,,,,,,,1525.2417,36,14,1526.7458,1526.7458,1527.0637,left,1,1527.0638,1527.1639,1527.164,1527.4817,space,0.2304,,0,42,42,82,1,0.3018,,,,,,,,,,,,,,,,,,,,,,,,,,,,,,,,,,,,,,,,,,,,,,,,,,,,,,,,,,,,,,,,,,,,,,,,,,,,,,,,,,,,,,,,,,,,
,,,,,,,,,,,,,,,618522,001,2024-12-07_13h04.07.781,test,2024.1.4,Win32,59.52380952,674841e51ddba29a9dee134e,67546f35f927709209cd55ea,67548d8adc0c853401c11a3b,,,,,,,,,,,,,,,,,,,,,,,,,,,,,,,,,,,,,,,,,,,,,,,,,,,,,,,,,,,,,,34,100_trials,,,,,,,,,,,,,,,,,,,shape_4,shape_2,shape_3,shape_3,shape_3,1,1,34,,,,,,,,,,,,,,,,,,,,,,,,,,,,,,,,,,,,,,,,,,,,,,,,,,,,,,,,1527.4821,37,15,1528.9702,1528.9702,1529.3049,right,1,1529.305,1529.405,1529.4051,1529.7229,space,0.3059,,0,43,43,33,1,0.312,,,,,,,,,,,,,,,,,,,,,,,,,,,,,,,,,,,,,,,,,,,,,,,,,,,,,,,,,,,,,,,,,,,,,,,,,,,,,,,,,,,,,,,,,,,,
,,,,,,,,,,,,,,,618522,001,2024-12-07_13h04.07.781,test,2024.1.4,Win32,59.52380952,674841e51ddba29a9dee134e,67546f35f927709209cd55ea,67548d8adc0c853401c11a3b,,,,,,,,,,,,,,,,,,,,,,,,,,,,,,,,,,,,,,,,,,,,,,,,,,,,,,,,,,,,,,63,100_trials,,,,,,,,,,,,,,,,,,,shape_1,shape_4,shape_1,shape_2,shape_2,2,2,63,,,,,,,,,,,,,,,,,,,,,,,,,,,,,,,,,,,,,,,,,,,,,,,,,,,,,,,,1529.7234,38,16,1531.2114,1531.2116,1531.5294,left,1,1531.5294,1531.6297,1531.6297,1531.9138,space,0.2699,,0,44,44,62,1,0.2935,,,,,,,,,,,,,,,,,,,,,,,,,,,,,,,,,,,,,,,,,,,,,,,,,,,,,,,,,,,,,,,,,,,,,,,,,,,,,,,,,,,,,,,,,,,,
,,,,,,,,,,,,,,,618522,001,2024-12-07_13h04.07.781,test,2024.1.4,Win32,59.52380952,674841e51ddba29a9dee134e,67546f35f927709209cd55ea,67548d8adc0c853401c11a3b,,,,,,,,,,,,,,,,,,,,,,,,,,,,,,,,,,,,,,,,,,,,,,,,,,,,,,,,,,,,,,76,100_trials,,,,,,,,,,,,,,,,,,,shape_2,shape_1,shape_2,shape_2,shape_3,2,2,76,,,,,,,,,,,,,,,,,,,,,,,,,,,,,,,,,,,,,,,,,,,,,,,,,,,,,,,,1531.9143,39,17,1533.4023,1533.4023,1533.8374,left,1,1533.8374,1533.9374,1533.9375,1534.2049,space,0.2469,,0,45,45,75,1,0.4102,,,,,,,,,,,,,,,,,,,,,,,,,,,,,,,,,,,,,,,,,,,,,,,,,,,,,,,,,,,,,,,,,,,,,,,,,,,,,,,,,,,,,,,,,,,,
,,,,,,,,,,,,,,,618522,001,2024-12-07_13h04.07.781,test,2024.1.4,Win32,59.52380952,674841e51ddba29a9dee134e,67546f35f927709209cd55ea,67548d8adc0c853401c11a3b,,,,,,,,,,,,,,,,,,,,,,,,,,,,,,,,,,,,,,,,,,,,,,,,,,,,,,,,,,,,,,54,100_trials,,,,,,,,,,,,,,,,,,,shape_3,shape_2,shape_1,shape_1,shape_1,2,2,54,,,,,,,,,,,,,,,,,,,,,,,,,,,,,,,,,,,,,,,,,,,,,,,,,,,,,,,,1534.2055,40,18,1535.6937,1535.6938,1536.0112,left,1,1536.0113,1536.1115,1536.1115,1536.5131,space,0.3812,,0,46,46,53,1,0.299,,,,,,,,,,,,,,,,,,,,,,,,,,,,,,,,,,,,,,,,,,,,,,,,,,,,,,,,,,,,,,,,,,,,,,,,,,,,,,,,,,,,,,,,,,,,
,,,,,,,,,,,,,,,618522,001,2024-12-07_13h04.07.781,test,2024.1.4,Win32,59.52380952,674841e51ddba29a9dee134e,67546f35f927709209cd55ea,67548d8adc0c853401c11a3b,,,,,,,,,,,,,,,,,,,,,,,,,,,,,,,,,,,,,,,,,,,,,,,,,,,,,,,,,,,,,,20,100_trials,,,,,,,,,,,,,,,,,,,shape_2,shape_2,shape_3,shape_2,shape_4,1,1,20,,,,,,,,,,,,,,,,,,,,,,,,,,,,,,,,,,,,,,,,,,,,,,,,,,,,,,,,1536.5137,41,19,1538.018,1538.018,1538.3194,left,0,1538.3195,1538.4193,1538.4195,1538.8376,space,0.3105,,0,47,47,19,1,0.2796,,,,,,,,,,,,,,,,,,,,,,,,,,,,,,,,,,,,,,,,,,,,,,,,,,,,,,,,,,,,,,,,,,,,,,,,,,,,,,,,,,,,,,,,,,,,
,,,,,,,,,,,,,,,618522,001,2024-12-07_13h04.07.781,test,2024.1.4,Win32,59.52380952,674841e51ddba29a9dee134e,67546f35f927709209cd55ea,67548d8adc0c853401c11a3b,,,,,,,,,,,,,,,,,,,,,,,,,,,,,,,,,,,,,,,,,,,,,,,,,,,,,,,,,,,,,,22,100_trials,,,,,,,,,,,,,,,,,,,shape_3,shape_3,shape_2,shape_2,shape_3,1,1,22,,,,,,,,,,,,,,,,,,,,,,,,,,,,,,,,,,,,,,,,,,,,,,,,,,,,,,,,1538.838,42,18,1540.3259,1540.3261,1540.5269,right,1,1540.527,1540.627,1540.6272,1541.1792,space,0.455,,0,48,48,21,1,0.1754,,,,,,,,,,,,,,,,,,,,,,,,,,,,,,,,,,,,,,,,,,,,,,,,,,,,,,,,,,,,,,,,,,,,,,,,,,,,,,,,,,,,,,,,,,,,
,,,,,,,,,,,,,,,618522,001,2024-12-07_13h04.07.781,test,2024.1.4,Win32,59.52380952,674841e51ddba29a9dee134e,67546f35f927709209cd55ea,67548d8adc0c853401c11a3b,,,,,,,,,,,,,,,,,,,,,,,,,,,,,,,,,,,,,,,,,,,,,,,,,,,,,,,,,,,,,,96,100_trials,,,,,,,,,,,,,,,,,,,shape_3,shape_4,shape_2,shape_2,shape_2,2,1,96,,,,,,,,,,,,,,,,,,,,,,,,,,,,,,,,,,,,,,,,,,,,,,,,,,,,,,,,1541.1797,43,19,1542.684,1542.6842,1542.952,left,1,1542.952,1543.0522,1543.0522,1543.4035,space,0.3296,,0,49,49,95,1,0.2431,,,,,,,,,,,,,,,,,,,,,,,,,,,,,,,,,,,,,,,,,,,,,,,,,,,,,,,,,,,,,,,,,,,,,,,,,,,,,,,,,,,,,,,,,,,,
,,,,,,,,,,,,,,,618522,001,2024-12-07_13h04.07.781,test,2024.1.4,Win32,59.52380952,674841e51ddba29a9dee134e,67546f35f927709209cd55ea,67548d8adc0c853401c11a3b,,,,,,,,,,,,,,,,,,,,,,,,,,,,,,,,,,,,,,,,,,,,,,,,,,,,,,,,,,,,,,79,100_trials,,,,,,,,,,,,,,,,,,,shape_2,shape_3,shape_3,shape_2,shape_1,2,2,79,,,,,,,,,,,,,,,,,,,,,,,,,,,,,,,,,,,,,,,,,,,,,,,,,,,,,,,,1543.404,44,20,1544.9083,1544.9085,1545.2431,left,1,1545.2431,1545.3434,1545.3434,1545.661,space,0.2971,,0,50,50,78,1,0.309,,,,,,,,,,,,,,,,,,,,,,,,,,,,,,,,,,,,,,,,,,,,,,,,,,,,,,,,,,,,,,,,,,,,,,,,,,,,,,,,,,,,,,,,,,,,
,,,,,,,,,,,,,,,618522,001,2024-12-07_13h04.07.781,test,2024.1.4,Win32,59.52380952,674841e51ddba29a9dee134e,67546f35f927709209cd55ea,67548d8adc0c853401c11a3b,,,,,,,,,,,,,,,,,,,,,,,,,,,,,,,,,,,,,,,,,,,,,,,,,,,,,,,,,,,,,,18,100_trials,,,,,,,,,,,,,,,,,,,shape_3,shape_2,shape_2,shape_3,shape_2,1,2,18,,,,,,,,,,,,,,,,,,,,,,,,,,,,,,,,,,,,,,,,,,,,,,,,,,,,,,,,1545.6616,45,21,1547.1659,1547.166,1547.2662,left,0,1547.2663,1547.3665,1547.3665,1547.9022,space,0.443,,0,51,51,17,1,0.0784,,,,,,,,,,,,,,,,,,,,,,,,,,,,,,,,,,,,,,,,,,,,,,,,,,,,,,,,,,,,,,,,,,,,,,,,,,,,,,,,,,,,,,,,,,,,
,,,,,,,,,,,,,,,618522,001,2024-12-07_13h04.07.781,test,2024.1.4,Win32,59.52380952,674841e51ddba29a9dee134e,67546f35f927709209cd55ea,67548d8adc0c853401c11a3b,,,,,,,,,,,,,,,,,,,,,,,,,,,,,,,,,,,,,,,,,,,,,,,,,,,,,,,,,,,,,,80,100_trials,,,,,,,,,,,,,,,,,,,shape_2,shape_3,shape_3,shape_2,shape_1,2,2,80,,,,,,,,,,,,,,,,,,,,,,,,,,,,,,,,,,,,,,,,,,,,,,,,,,,,,,,,1547.9028,46,20,1549.4068,1549.4069,1549.524,right,0,1549.5241,1549.6244,1549.6244,1549.9593,space,0.3213,,0,52,52,79,1,0.0955,,,,,,,,,,,,,,,,,,,,,,,,,,,,,,,,,,,,,,,,,,,,,,,,,,,,,,,,,,,,,,,,,,,,,,,,,,,,,,,,,,,,,,,,,,,,
,,,,,,,,,,,,,,,618522,001,2024-12-07_13h04.07.781,test,2024.1.4,Win32,59.52380952,674841e51ddba29a9dee134e,67546f35f927709209cd55ea,67548d8adc0c853401c11a3b,,,,,,,,,,,,,,,,,,,,,,,,,,,,,,,,,,,,,,,,,,,,,,,,,,,,,,,,,,,,,,78,100_trials,,,,,,,,,,,,,,,,,,,shape_2,shape_3,shape_3,shape_2,shape_1,2,2,78,,,,,,,,,,,,,,,,,,,,,,,,,,,,,,,,,,,,,,,,,,,,,,,,,,,,,,,,1549.9598,47,19,1551.4642,1551.4643,1551.6483,left,1,1551.6484,1551.7485,1551.7487,1552.3002,space,0.454,,0,53,53,77,1,0.1652,,,,,,,,,,,,,,,,,,,,,,,,,,,,,,,,,,,,,,,,,,,,,,,,,,,,,,,,,,,,,,,,,,,,,,,,,,,,,,,,,,,,,,,,,,,,
,,,,,,,,,,,,,,,618522,001,2024-12-07_13h04.07.781,test,2024.1.4,Win32,59.52380952,674841e51ddba29a9dee134e,67546f35f927709209cd55ea,67548d8adc0c853401c11a3b,,,,,,,,,,,,,,,,,,,,,,,,,,,,,,,,,,,,,,,,,,,,,,,,,,,,,,,,,,,,,,25,100_trials,,,,,,,,,,,,,,,,,,,shape_3,shape_2,shape_2,shape_3,shape_4,1,1,25,,,,,,,,,,,,,,,,,,,,,,,,,,,,,,,,,,,,,,,,,,,,,,,,,,,,,,,,1552.3007,48,20,1553.7885,1553.7886,1554.0734,left,0,1554.0735,1554.1734,1554.1736,1554.5579,space,0.2848,,0,54,54,24,1,0.2725,,,,,,,,,,,,,,,,,,,,,,,,,,,,,,,,,,,,,,,,,,,,,,,,,,,,,,,,,,,,,,,,,,,,,,,,,,,,,,,,,,,,,,,,,,,,
,,,,,,,,,,,,,,,618522,001,2024-12-07_13h04.07.781,test,2024.1.4,Win32,59.52380952,674841e51ddba29a9dee134e,67546f35f927709209cd55ea,67548d8adc0c853401c11a3b,,,,,,,,,,,,,,,,,,,,,,,,,,,,,,,,,,,,,,,,,,,,,,,,,,,,,,,,,,,,,,62,100_trials,,,,,,,,,,,,,,,,,,,shape_2,shape_1,shape_2,shape_1,shape_3,2,2,62,,,,,,,,,,,,,,,,,,,,,,,,,,,,,,,,,,,,,,,,,,,,,,,,,,,,,,,,1554.5584,49,19,1556.0465,1556.0466,1556.331,left,1,1556.3311,1556.4316,1556.4317,1556.7997,space,0.2786,,0,55,55,61,1,0.261,,,,,,,,,,,,,,,,,,,,,,,,,,,,,,,,,,,,,,,,,,,,,,,,,,,,,,,,,,,,,,,,,,,,,,,,,,,,,,,,,,,,,,,,,,,,
,,,,,,,,,,,,,,,618522,001,2024-12-07_13h04.07.781,test,2024.1.4,Win32,59.52380952,674841e51ddba29a9dee134e,67546f35f927709209cd55ea,67548d8adc0c853401c11a3b,,,,,,,,,,,,,,,,,,,,,,,,,,,,,,,,,,,,,,,,,,,,,,,,,,,,,,,,,,,,,,26,100_trials,,,,,,,,,,,,,,,,,,,shape_3,shape_2,shape_2,shape_3,shape_4,1,1,26,,,,,,,,,,,,,,,,,,,,,,,,,,,,,,,,,,,,,,,,,,,,,,,,,,,,,,,,1556.8002,50,20,1558.3044,1558.3045,1558.5553,right,1,1558.5554,1558.6556,1558.6557,1559.007,space,0.3365,,0,56,56,25,1,0.2288,,,,,,,,,,,,,,,,,,,,,,,,,,,,,,,,,,,,,,,,,,,,,,,,,,,,,,,,,,,,,,,,,,,,,,,,,,,,,,,,,,,,,,,,,,,,
,,,,,,,,,,,,,,,618522,001,2024-12-07_13h04.07.781,test,2024.1.4,Win32,59.52380952,674841e51ddba29a9dee134e,67546f35f927709209cd55ea,67548d8adc0c853401c11a3b,,,,,,,,,,,,,,,,,,,,,,,,,,,,,,,,,,,,,,,,,,,,,,,,,,,,,,,,,,,,,,6,100_trials,,,,,,,,,,,,,,,,,,,shape_4,shape_2,shape_1,shape_2,shape_4,1,1,6,,,,,,,,,,,,,,,,,,,,,,,,,,,,,,,,,,,,,,,,,,,,,,,,,,,,,,,,1559.0076,51,21,1560.512,1560.5121,1560.8299,right,1,1560.8299,1560.9301,1560.9301,1561.2982,space,0.3467,,0,57,57,5,1,0.2932,,,,,,,,,,,,,,,,,,,,,,,,,,,,,,,,,,,,,,,,,,,,,,,,,,,,,,,,,,,,,,,,,,,,,,,,,,,,,,,,,,,,,,,,,,,,
,,,,,,,,,,,,,,,618522,001,2024-12-07_13h04.07.781,test,2024.1.4,Win32,59.52380952,674841e51ddba29a9dee134e,67546f35f927709209cd55ea,67548d8adc0c853401c11a3b,,,,,,,,,,,,,,,,,,,,,,,,,,,,,,,,,,,,,,,,,,,,,,,,,,,,,,,,,,,,,,60,100_trials,,,,,,,,,,,,,,,,,,,shape_2,shape_1,shape_2,shape_1,shape_3,2,2,60,,,,,,,,,,,,,,,,,,,,,,,,,,,,,,,,,,,,,,,,,,,,,,,,,,,,,,,,1561.2987,52,22,1562.8029,1562.803,1563.1211,left,1,1563.1211,1563.2213,1563.2214,1563.5224,space,0.2811,,0,58,58,59,1,0.2926,,,,,,,,,,,,,,,,,,,,,,,,,,,,,,,,,,,,,,,,,,,,,,,,,,,,,,,,,,,,,,,,,,,,,,,,,,,,,,,,,,,,,,,,,,,,
,,,,,,,,,,,,,,,618522,001,2024-12-07_13h04.07.781,test,2024.1.4,Win32,59.52380952,674841e51ddba29a9dee134e,67546f35f927709209cd55ea,67548d8adc0c853401c11a3b,,,,,,,,,,,,,,,,,,,,,,,,,,,,,,,,,,,,,,,,,,,,,,,,,,,,,,,,,,,,,,47,100_trials,,,,,,,,,,,,,,,,,,,shape_3,shape_3,shape_3,shape_4,shape_4,1,1,47,,,,,,,,,,,,,,,,,,,,,,,,,,,,,,,,,,,,,,,,,,,,,,,,,,,,,,,,1563.523,53,23,1565.0273,1565.0273,1565.2951,right,1,1565.2952,1565.3954,1565.3955,1565.7297,space,0.3201,,0,59,59,46,1,0.245,,,,,,,,,,,,,,,,,,,,,,,,,,,,,,,,,,,,,,,,,,,,,,,,,,,,,,,,,,,,,,,,,,,,,,,,,,,,,,,,,,,,,,,,,,,,
,,,,,,,,,,,,,,,618522,001,2024-12-07_13h04.07.781,test,2024.1.4,Win32,59.52380952,674841e51ddba29a9dee134e,67546f35f927709209cd55ea,67548d8adc0c853401c11a3b,,,,,,,,,,,,,,,,,,,,,,,,,,,,,,,,,,,,,,,,,,,,,,,,,,,,,,,,,,,,,,27,100_trials,,,,,,,,,,,,,,,,,,,shape_3,shape_2,shape_2,shape_3,shape_4,1,1,27,,,,,,,,,,,,,,,,,,,,,,,,,,,,,,,,,,,,,,,,,,,,,,,,,,,,,,,,1565.7301,54,24,1567.218,1567.2181,1567.4859,right,1,1567.486,1567.5862,1567.5862,1567.904,space,0.3006,,0,60,60,26,1,0.2546,,,,,,,,,,,,,,,,,,,,,,,,,,,,,,,,,,,,,,,,,,,,,,,,,,,,,,,,,,,,,,,,,,,,,,,,,,,,,,,,,,,,,,,,,,,,
,,,,,,,,,,,,,,,618522,001,2024-12-07_13h04.07.781,test,2024.1.4,Win32,59.52380952,674841e51ddba29a9dee134e,67546f35f927709209cd55ea,67548d8adc0c853401c11a3b,,,,,,,,,,,,,,,,,,,,,,,,,,,,,,,,,,,,,,,,,,,,,,,,,,,,,,,,,,,,,,89,100_trials,,,,,,,,,,,,,,,,,,,shape_3,shape_4,shape_2,shape_4,shape_1,2,1,89,,,,,,,,,,,,,,,,,,,,,,,,,,,,,,,,,,,,,,,,,,,,,,,,,,,,,,,,1567.9046,55,25,1569.4093,1569.4093,1569.8943,right,0,1569.8943,1569.9944,1569.9946,1570.2789,space,0.1906,,0,61,61,88,1,0.4662,,,,,,,,,,,,,,,,,,,,,,,,,,,,,,,,,,,,,,,,,,,,,,,,,,,,,,,,,,,,,,,,,,,,,,,,,,,,,,,,,,,,,,,,,,,,
,,,,,,,,,,,,,,,618522,001,2024-12-07_13h04.07.781,test,2024.1.4,Win32,59.52380952,674841e51ddba29a9dee134e,67546f35f927709209cd55ea,67548d8adc0c853401c11a3b,,,,,,,,,,,,,,,,,,,,,,,,,,,,,,,,,,,,,,,,,,,,,,,,,,,,,,,,,,,,,,33,100_trials,,,,,,,,,,,,,,,,,,,shape_3,shape_3,shape_3,shape_3,shape_2,1,1,33,,,,,,,,,,,,,,,,,,,,,,,,,,,,,,,,,,,,,,,,,,,,,,,,,,,,,,,,1570.2795,56,24,1571.7839,1571.7841,1572.0183,right,1,1572.0184,1572.1184,1572.1185,1572.4693,space,0.254,,0,62,62,32,1,0.209,,,,,,,,,,,,,,,,,,,,,,,,,,,,,,,,,,,,,,,,,,,,,,,,,,,,,,,,,,,,,,,,,,,,,,,,,,,,,,,,,,,,,,,,,,,,
,,,,,,,,,,,,,,,618522,001,2024-12-07_13h04.07.781,test,2024.1.4,Win32,59.52380952,674841e51ddba29a9dee134e,67546f35f927709209cd55ea,67548d8adc0c853401c11a3b,,,,,,,,,,,,,,,,,,,,,,,,,,,,,,,,,,,,,,,,,,,,,,,,,,,,,,,,,,,,,,41,100_trials,,,,,,,,,,,,,,,,,,,shape_3,shape_3,shape_2,shape_4,shape_4,1,1,41,,,,,,,,,,,,,,,,,,,,,,,,,,,,,,,,,,,,,,,,,,,,,,,,,,,,,,,,1572.4697,57,25,1573.9581,1573.9582,1574.2258,left,0,1574.2259,1574.326,1574.3261,1574.7108,space,0.2992,,0,63,63,40,1,0.2458,,,,,,,,,,,,,,,,,,,,,,,,,,,,,,,,,,,,,,,,,,,,,,,,,,,,,,,,,,,,,,,,,,,,,,,,,,,,,,,,,,,,,,,,,,,,
,,,,,,,,,,,,,,,618522,001,2024-12-07_13h04.07.781,test,2024.1.4,Win32,59.52380952,674841e51ddba29a9dee134e,67546f35f927709209cd55ea,67548d8adc0c853401c11a3b,,,,,,,,,,,,,,,,,,,,,,,,,,,,,,,,,,,,,,,,,,,,,,,,,,,,,,,,,,,,,,81,100_trials,,,,,,,,,,,,,,,,,,,shape_2,shape_3,shape_3,shape_2,shape_1,2,2,81,,,,,,,,,,,,,,,,,,,,,,,,,,,,,,,,,,,,,,,,,,,,,,,,,,,,,,,,1574.7113,58,24,1576.2158,1576.2159,1576.5169,right,0,1576.5172,1576.6172,1576.6173,1576.935,space,0.297,,0,64,64,80,1,0.2765,,,,,,,,,,,,,,,,,,,,,,,,,,,,,,,,,,,,,,,,,,,,,,,,,,,,,,,,,,,,,,,,,,,,,,,,,,,,,,,,,,,,,,,,,,,,
,,,,,,,,,,,,,,,618522,001,2024-12-07_13h04.07.781,test,2024.1.4,Win32,59.52380952,674841e51ddba29a9dee134e,67546f35f927709209cd55ea,67548d8adc0c853401c11a3b,,,,,,,,,,,,,,,,,,,,,,,,,,,,,,,,,,,,,,,,,,,,,,,,,,,,,,,,,,,,,,17,100_trials,,,,,,,,,,,,,,,,,,,shape_2,shape_2,shape_3,shape_2,shape_2,1,2,17,,,,,,,,,,,,,,,,,,,,,,,,,,,,,,,,,,,,,,,,,,,,,,,,,,,,,,,,1576.9356,59,23,1578.4402,1578.4403,1578.7243,left,0,1578.7245,1578.8247,1578.8249,1579.126,space,0.2844,,0,65,65,16,1,0.2675,,,,,,,,,,,,,,,,,,,,,,,,,,,,,,,,,,,,,,,,,,,,,,,,,,,,,,,,,,,,,,,,,,,,,,,,,,,,,,,,,,,,,,,,,,,,
,,,,,,,,,,,,,,,618522,001,2024-12-07_13h04.07.781,test,2024.1.4,Win32,59.52380952,674841e51ddba29a9dee134e,67546f35f927709209cd55ea,67548d8adc0c853401c11a3b,,,,,,,,,,,,,,,,,,,,,,,,,,,,,,,,,,,,,,,,,,,,,,,,,,,,,,,,,,,,,,85,100_trials,,,,,,,,,,,,,,,,,,,shape_3,shape_2,shape_1,shape_3,shape_3,2,2,85,,,,,,,,,,,,,,,,,,,,,,,,,,,,,,,,,,,,,,,,,,,,,,,,,,,,,,,,1579.1266,60,22,1580.631,1580.631,1580.9656,right,0,1580.9657,1581.0658,1581.066,1581.4001,space,0.3134,,0,66,66,84,1,0.3116,,,,,,,,,,,,,,,,,,,,,,,,,,,,,,,,,,,,,,,,,,,,,,,,,,,,,,,,,,,,,,,,,,,,,,,,,,,,,,,,,,,,,,,,,,,,
,,,,,,,,,,,,,,,618522,001,2024-12-07_13h04.07.781,test,2024.1.4,Win32,59.52380952,674841e51ddba29a9dee134e,67546f35f927709209cd55ea,67548d8adc0c853401c11a3b,,,,,,,,,,,,,,,,,,,,,,,,,,,,,,,,,,,,,,,,,,,,,,,,,,,,,,,,,,,,,,94,100_trials,,,,,,,,,,,,,,,,,,,shape_2,shape_2,shape_2,shape_3,shape_3,2,2,94,,,,,,,,,,,,,,,,,,,,,,,,,,,,,,,,,,,,,,,,,,,,,,,,,,,,,,,,1581.4006,61,21,1582.8887,1582.8888,1583.3238,left,1,1583.3238,1583.4238,1583.4239,1583.5908,space,0.0757,,0,67,67,93,1,0.4105,,,,,,,,,,,,,,,,,,,,,,,,,,,,,,,,,,,,,,,,,,,,,,,,,,,,,,,,,,,,,,,,,,,,,,,,,,,,,,,,,,,,,,,,,,,,
,,,,,,,,,,,,,,,618522,001,2024-12-07_13h04.07.781,test,2024.1.4,Win32,59.52380952,674841e51ddba29a9dee134e,67546f35f927709209cd55ea,67548d8adc0c853401c11a3b,,,,,,,,,,,,,,,,,,,,,,,,,,,,,,,,,,,,,,,,,,,,,,,,,,,,,,,,,,,,,,7,100_trials,,,,,,,,,,,,,,,,,,,shape_1,shape_3,shape_2,shape_3,shape_3,1,2,7,,,,,,,,,,,,,,,,,,,,,,,,,,,,,,,,,,,,,,,,,,,,,,,,,,,,,,,,1583.5911,62,22,1585.0795,1585.0796,1585.3475,right,1,1585.3476,1585.4473,1585.4473,1585.7318,space,0.2708,,0,68,68,6,1,0.2427,,,,,,,,,,,,,,,,,,,,,,,,,,,,,,,,,,,,,,,,,,,,,,,,,,,,,,,,,,,,,,,,,,,,,,,,,,,,,,,,,,,,,,,,,,,,
,,,,,,,,,,,,,,,618522,001,2024-12-07_13h04.07.781,test,2024.1.4,Win32,59.52380952,674841e51ddba29a9dee134e,67546f35f927709209cd55ea,67548d8adc0c853401c11a3b,,,,,,,,,,,,,,,,,,,,,,,,,,,,,,,,,,,,,,,,,,,,,,,,,,,,,,,,,,,,,,48,100_trials,,,,,,,,,,,,,,,,,,,shape_3,shape_3,shape_3,shape_4,shape_4,1,1,48,,,,,,,,,,,,,,,,,,,,,,,,,,,,,,,,,,,,,,,,,,,,,,,,,,,,,,,,1585.7324,63,23,1587.2369,1587.237,1587.5045,right,1,1587.5048,1587.605,1587.605,1587.8893,space,0.2636,,0,69,69,47,1,0.2427,,,,,,,,,,,,,,,,,,,,,,,,,,,,,,,,,,,,,,,,,,,,,,,,,,,,,,,,,,,,,,,,,,,,,,,,,,,,,,,,,,,,,,,,,,,,
,,,,,,,,,,,,,,,618522,001,2024-12-07_13h04.07.781,test,2024.1.4,Win32,59.52380952,674841e51ddba29a9dee134e,67546f35f927709209cd55ea,67548d8adc0c853401c11a3b,,,,,,,,,,,,,,,,,,,,,,,,,,,,,,,,,,,,,,,,,,,,,,,,,,,,,,,,,,,,,,84,100_trials,,,,,,,,,,,,,,,,,,,shape_2,shape_4,shape_1,shape_3,shape_2,2,2,84,,,,,,,,,,,,,,,,,,,,,,,,,,,,,,,,,,,,,,,,,,,,,,,,,,,,,,,,1587.8898,64,24,1589.3778,1589.3778,1589.662,right,0,1589.6621,1589.7626,1589.7627,1590.1136,space,0.2508,,0,70,70,83,1,0.2592,,,,,,,,,,,,,,,,,,,,,,,,,,,,,,,,,,,,,,,,,,,,,,,,,,,,,,,,,,,,,,,,,,,,,,,,,,,,,,,,,,,,,,,,,,,,
,,,,,,,,,,,,,,,618522,001,2024-12-07_13h04.07.781,test,2024.1.4,Win32,59.52380952,674841e51ddba29a9dee134e,67546f35f927709209cd55ea,67548d8adc0c853401c11a3b,,,,,,,,,,,,,,,,,,,,,,,,,,,,,,,,,,,,,,,,,,,,,,,,,,,,,,,,,,,,,,68,100_trials,,,,,,,,,,,,,,,,,,,shape_3,shape_2,shape_1,shape_4,shape_1,2,2,68,,,,,,,,,,,,,,,,,,,,,,,,,,,,,,,,,,,,,,,,,,,,,,,,,,,,,,,,1590.114,65,23,1591.602,1591.602,1592.0201,left,1,1592.0202,1592.1201,1592.1202,1592.3547,space,0.1549,,0,71,71,67,1,0.3934,,,,,,,,,,,,,,,,,,,,,,,,,,,,,,,,,,,,,,,,,,,,,,,,,,,,,,,,,,,,,,,,,,,,,,,,,,,,,,,,,,,,,,,,,,,,
,,,,,,,,,,,,,,,618522,001,2024-12-07_13h04.07.781,test,2024.1.4,Win32,59.52380952,674841e51ddba29a9dee134e,67546f35f927709209cd55ea,67548d8adc0c853401c11a3b,,,,,,,,,,,,,,,,,,,,,,,,,,,,,,,,,,,,,,,,,,,,,,,,,,,,,,,,,,,,,,46,100_trials,,,,,,,,,,,,,,,,,,,shape_3,shape_3,shape_3,shape_3,shape_4,1,1,46,,,,,,,,,,,,,,,,,,,,,,,,,,,,,,,,,,,,,,,,,,,,,,,,,,,,,,,,1592.3552,66,24,1593.8596,1593.8598,1594.2111,right,1,1594.2111,1594.311,1594.3111,1594.5789,space,0.2466,,0,72,72,45,1,0.3274,,,,,,,,,,,,,,,,,,,,,,,,,,,,,,,,,,,,,,,,,,,,,,,,,,,,,,,,,,,,,,,,,,,,,,,,,,,,,,,,,,,,,,,,,,,,
,,,,,,,,,,,,,,,618522,001,2024-12-07_13h04.07.781,test,2024.1.4,Win32,59.52380952,674841e51ddba29a9dee134e,67546f35f927709209cd55ea,67548d8adc0c853401c11a3b,,,,,,,,,,,,,,,,,,,,,,,,,,,,,,,,,,,,,,,,,,,,,,,,,,,,,,,,,,,,,,37,100_trials,,,,,,,,,,,,,,,,,,,shape_4,shape_2,shape_3,shape_3,shape_3,1,1,37,,,,,,,,,,,,,,,,,,,,,,,,,,,,,,,,,,,,,,,,,,,,,,,,,,,,,,,,1594.5796,67,25,1596.0839,1596.084,1596.3016,right,1,1596.3017,1596.4019,1596.4019,1596.7364,space,0.3229,,0,73,73,36,1,0.1933,,,,,,,,,,,,,,,,,,,,,,,,,,,,,,,,,,,,,,,,,,,,,,,,,,,,,,,,,,,,,,,,,,,,,,,,,,,,,,,,,,,,,,,,,,,,
,,,,,,,,,,,,,,,618522,001,2024-12-07_13h04.07.781,test,2024.1.4,Win32,59.52380952,674841e51ddba29a9dee134e,67546f35f927709209cd55ea,67548d8adc0c853401c11a3b,,,,,,,,,,,,,,,,,,,,,,,,,,,,,,,,,,,,,,,,,,,,,,,,,,,,,,,,,,,,,,70,100_trials,,,,,,,,,,,,,,,,,,,shape_4,shape_1,shape_3,shape_1,shape_3,2,2,70,,,,,,,,,,,,,,,,,,,,,,,,,,,,,,,,,,,,,,,,,,,,,,,,,,,,,,,,1596.737,68,26,1598.2414,1598.2414,1598.5421,right,0,1598.5423,1598.6424,1598.6425,1598.9102,space,0.184,,0,74,74,69,1,0.2803,,,,,,,,,,,,,,,,,,,,,,,,,,,,,,,,,,,,,,,,,,,,,,,,,,,,,,,,,,,,,,,,,,,,,,,,,,,,,,,,,,,,,,,,,,,,
,,,,,,,,,,,,,,,618522,001,2024-12-07_13h04.07.781,test,2024.1.4,Win32,59.52380952,674841e51ddba29a9dee134e,67546f35f927709209cd55ea,67548d8adc0c853401c11a3b,,,,,,,,,,,,,,,,,,,,,,,,,,,,,,,,,,,,,,,,,,,,,,,,,,,,,,,,,,,,,,77,100_trials,,,,,,,,,,,,,,,,,,,shape_2,shape_2,shape_4,shape_1,shape_2,2,2,77,,,,,,,,,,,,,,,,,,,,,,,,,,,,,,,,,,,,,,,,,,,,,,,,,,,,,,,,1598.9107,69,25,1600.3987,1600.3989,1600.7833,left,1,1600.7834,1600.8835,1600.8836,1601.0508,space,0.0689,,0,75,75,76,1,0.3679,,,,,,,,,,,,,,,,,,,,,,,,,,,,,,,,,,,,,,,,,,,,,,,,,,,,,,,,,,,,,,,,,,,,,,,,,,,,,,,,,,,,,,,,,,,,
,,,,,,,,,,,,,,,618522,001,2024-12-07_13h04.07.781,test,2024.1.4,Win32,59.52380952,674841e51ddba29a9dee134e,67546f35f927709209cd55ea,67548d8adc0c853401c11a3b,,,,,,,,,,,,,,,,,,,,,,,,,,,,,,,,,,,,,,,,,,,,,,,,,,,,,,,,,,,,,,8,100_trials,,,,,,,,,,,,,,,,,,,shape_1,shape_3,shape_2,shape_3,shape_4,1,1,8,,,,,,,,,,,,,,,,,,,,,,,,,,,,,,,,,,,,,,,,,,,,,,,,,,,,,,,,1601.0513,70,26,1602.5394,1602.5395,1602.8071,left,0,1602.8072,1602.9072,1602.9073,1603.125,space,0.1329,,0,76,76,7,1,0.2444,,,,,,,,,,,,,,,,,,,,,,,,,,,,,,,,,,,,,,,,,,,,,,,,,,,,,,,,,,,,,,,,,,,,,,,,,,,,,,,,,,,,,,,,,,,,
,,,,,,,,,,,,,,,618522,001,2024-12-07_13h04.07.781,test,2024.1.4,Win32,59.52380952,674841e51ddba29a9dee134e,67546f35f927709209cd55ea,67548d8adc0c853401c11a3b,,,,,,,,,,,,,,,,,,,,,,,,,,,,,,,,,,,,,,,,,,,,,,,,,,,,,,,,,,,,,,75,100_trials,,,,,,,,,,,,,,,,,,,shape_2,shape_1,shape_2,shape_2,shape_3,2,2,75,,,,,,,,,,,,,,,,,,,,,,,,,,,,,,,,,,,,,,,,,,,,,,,,,,,,,,,,1603.1255,71,25,1604.6132,1604.6134,1605.1148,,0,1605.1149,1605.2152,1605.2152,1605.5832,space,0.3489,,0,77,77,74,1,,,,,,,,,,,,,,,,,,,,,,,,,,,,,,,,,,,,,,,,,,,,,,,,,,,,,,,,,,,,,,,,,,,,,,,,,,,,,,,,,,,,,,,,,,,,,
,,,,,,,,,,,,,,,618522,001,2024-12-07_13h04.07.781,test,2024.1.4,Win32,59.52380952,674841e51ddba29a9dee134e,67546f35f927709209cd55ea,67548d8adc0c853401c11a3b,,,,,,,,,,,,,,,,,,,,,,,,,,,,,,,,,,,,,,,,,,,,,,,,,,,,,,,,,,,,,,92,100_trials,,,,,,,,,,,,,,,,,,,shape_2,shape_2,shape_3,shape_2,shape_2,2,2,92,,,,,,,,,,,,,,,,,,,,,,,,,,,,,,,,,,,,,,,,,,,,,,,,,,,,,,,,1605.5838,71,25,1607.0882,1607.0883,1607.5901,,0,1607.5902,1607.6903,1607.6904,1611.2026,space,3.5045,,0,78,78,91,1,,,,,,,,,,,,,,,,,,,,,,,,,,,,,,,,,,,,,,,,,,,,,,,,,,,,,,,,,,,,,,,,,,,,,,,,,,,,,,,,,,,,,,,,,,,,,
,,,,,,,,,,,,,,,618522,001,2024-12-07_13h04.07.781,test,2024.1.4,Win32,59.52380952,674841e51ddba29a9dee134e,67546f35f927709209cd55ea,67548d8adc0c853401c11a3b,,,,,,,,,,,,,,,,,,,,,,,,,,,,,,,,,,,,,,,,,,,,,,,,,,,,,,,,,,,,,,97,100_trials,,,,,,,,,,,,,,,,,,,shape_3,shape_3,shape_3,shape_2,shape_2,2,1,97,,,,,,,,,,,,,,,,,,,,,,,,,,,,,,,,,,,,,,,,,,,,,,,,,,,,,,,,1611.2031,71,25,1612.7078,1612.7079,1613.2095,,0,1613.2096,1613.3097,1613.3098,1614.0791,space,0.7613,,0,79,79,96,1,,,,,,,,,,,,,,,,,,,,,,,,,,,,,,,,,,,,,,,,,,,,,,,,,,,,,,,,,,,,,,,,,,,,,,,,,,,,,,,,,,,,,,,,,,,,,
,,,,,,,,,,,,,,,618522,001,2024-12-07_13h04.07.781,test,2024.1.4,Win32,59.52380952,674841e51ddba29a9dee134e,67546f35f927709209cd55ea,67548d8adc0c853401c11a3b,,,,,,,,,,,,,,,,,,,,,,,,,,,,,,,,,,,,,,,,,,,,,,,,,,,,,,,,,,,,,,12,100_trials,,,,,,,,,,,,,,,,,,,shape_1,shape_4,shape_3,shape_4,shape_2,1,1,12,,,,,,,,,,,,,,,,,,,,,,,,,,,,,,,,,,,,,,,,,,,,,,,,,,,,,,,,1614.0797,71,25,1615.5675,1615.5675,1615.8853,left,0,1615.8855,1615.9854,1615.9856,1616.5375,space,0.4512,,0,80,80,11,1,0.3059,,,,,,,,,,,,,,,,,,,,,,,,,,,,,,,,,,,,,,,,,,,,,,,,,,,,,,,,,,,,,,,,,,,,,,,,,,,,,,,,,,,,,,,,,,,,
,,,,,,,,,,,,,,,618522,001,2024-12-07_13h04.07.781,test,2024.1.4,Win32,59.52380952,674841e51ddba29a9dee134e,67546f35f927709209cd55ea,67548d8adc0c853401c11a3b,,,,,,,,,,,,,,,,,,,,,,,,,,,,,,,,,,,,,,,,,,,,,,,,,,,,,,,,,,,,,,11,100_trials,,,,,,,,,,,,,,,,,,,shape_1,shape_4,shape_3,shape_4,shape_2,1,1,11,,,,,,,,,,,,,,,,,,,,,,,,,,,,,,,,,,,,,,,,,,,,,,,,,,,,,,,,1616.5381,72,24,1618.0427,1618.0427,1618.1764,right,1,1618.1765,1618.2766,1618.2766,1618.8789,space,0.5125,,0,81,81,10,1,0.1156,,,,,,,,,,,,,,,,,,,,,,,,,,,,,,,,,,,,,,,,,,,,,,,,,,,,,,,,,,,,,,,,,,,,,,,,,,,,,,,,,,,,,,,,,,,,
,,,,,,,,,,,,,,,618522,001,2024-12-07_13h04.07.781,test,2024.1.4,Win32,59.52380952,674841e51ddba29a9dee134e,67546f35f927709209cd55ea,67548d8adc0c853401c11a3b,,,,,,,,,,,,,,,,,,,,,,,,,,,,,,,,,,,,,,,,,,,,,,,,,,,,,,,,,,,,,,55,100_trials,,,,,,,,,,,,,,,,,,,shape_1,shape_1,shape_2,shape_1,shape_4,2,2,55,,,,,,,,,,,,,,,,,,,,,,,,,,,,,,,,,,,,,,,,,,,,,,,,,,,,,,,,1618.8795,73,25,1620.3839,1620.3841,1620.4844,right,0,1620.4845,1620.5849,1620.5849,1621.1534,space,0.4734,,0,82,82,54,1,0.0815,,,,,,,,,,,,,,,,,,,,,,,,,,,,,,,,,,,,,,,,,,,,,,,,,,,,,,,,,,,,,,,,,,,,,,,,,,,,,,,,,,,,,,,,,,,,
,,,,,,,,,,,,,,,618522,001,2024-12-07_13h04.07.781,test,2024.1.4,Win32,59.52380952,674841e51ddba29a9dee134e,67546f35f927709209cd55ea,67548d8adc0c853401c11a3b,,,,,,,,,,,,,,,,,,,,,,,,,,,,,,,,,,,,,,,,,,,,,,,,,,,,,,,,,,,,,,10,100_trials,,,,,,,,,,,,,,,,,,,shape_1,shape_3,shape_2,shape_3,shape_4,1,1,10,,,,,,,,,,,,,,,,,,,,,,,,,,,,,,,,,,,,,,,,,,,,,,,,,,,,,,,,1621.154,74,24,1622.6584,1622.6585,1622.7423,left,0,1622.7424,1622.8424,1622.8426,1623.3774,space,0.5182,,0,83,83,9,1,0.059,,,,,,,,,,,,,,,,,,,,,,,,,,,,,,,,,,,,,,,,,,,,,,,,,,,,,,,,,,,,,,,,,,,,,,,,,,,,,,,,,,,,,,,,,,,,
,,,,,,,,,,,,,,,618522,001,2024-12-07_13h04.07.781,test,2024.1.4,Win32,59.52380952,674841e51ddba29a9dee134e,67546f35f927709209cd55ea,67548d8adc0c853401c11a3b,,,,,,,,,,,,,,,,,,,,,,,,,,,,,,,,,,,,,,,,,,,,,,,,,,,,,,,,,,,,,,9,100_trials,,,,,,,,,,,,,,,,,,,shape_1,shape_3,shape_2,shape_3,shape_4,1,1,9,,,,,,,,,,,,,,,,,,,,,,,,,,,,,,,,,,,,,,,,,,,,,,,,,,,,,,,,1623.3778,75,23,1624.8658,1624.8659,1625.0669,right,1,1625.0669,1625.1671,1625.1671,1625.7356,space,0.4686,,0,84,84,8,1,0.1778,,,,,,,,,,,,,,,,,,,,,,,,,,,,,,,,,,,,,,,,,,,,,,,,,,,,,,,,,,,,,,,,,,,,,,,,,,,,,,,,,,,,,,,,,,,,
,,,,,,,,,,,,,,,618522,001,2024-12-07_13h04.07.781,test,2024.1.4,Win32,59.52380952,674841e51ddba29a9dee134e,67546f35f927709209cd55ea,67548d8adc0c853401c11a3b,,,,,,,,,,,,,,,,,,,,,,,,,,,,,,,,,,,,,,,,,,,,,,,,,,,,,,,,,,,,,,69,100_trials,,,,,,,,,,,,,,,,,,,shape_3,shape_1,shape_3,shape_1,shape_3,2,2,69,,,,,,,,,,,,,,,,,,,,,,,,,,,,,,,,,,,,,,,,,,,,,,,,,,,,,,,,1625.7363,76,24,1627.2408,1627.2409,1627.7426,,0,1627.7427,1627.8429,1627.8429,1628.3112,space,0.4493,,0,85,85,68,1,,,,,,,,,,,,,,,,,,,,,,,,,,,,,,,,,,,,,,,,,,,,,,,,,,,,,,,,,,,,,,,,,,,,,,,,,,,,,,,,,,,,,,,,,,,,,
,,,,,,,,,,,,,,,618522,001,2024-12-07_13h04.07.781,test,2024.1.4,Win32,59.52380952,674841e51ddba29a9dee134e,67546f35f927709209cd55ea,67548d8adc0c853401c11a3b,,,,,,,,,,,,,,,,,,,,,,,,,,,,,,,,,,,,,,,,,,,,,,,,,,,,,,,,,,,,,,52,100_trials,,,,,,,,,,,,,,,,,,,shape_1,shape_2,shape_1,shape_2,shape_1,2,2,52,,,,,,,,,,,,,,,,,,,,,,,,,,,,,,,,,,,,,,,,,,,,,,,,,,,,,,,,1628.3118,76,24,1629.8162,1629.8163,1630.0338,left,1,1630.0339,1630.1339,1630.1339,1630.6525,space,0.4267,,0,86,86,51,1,0.2017,,,,,,,,,,,,,,,,,,,,,,,,,,,,,,,,,,,,,,,,,,,,,,,,,,,,,,,,,,,,,,,,,,,,,,,,,,,,,,,,,,,,,,,,,,,,
,,,,,,,,,,,,,,,618522,001,2024-12-07_13h04.07.781,test,2024.1.4,Win32,59.52380952,674841e51ddba29a9dee134e,67546f35f927709209cd55ea,67548d8adc0c853401c11a3b,,,,,,,,,,,,,,,,,,,,,,,,,,,,,,,,,,,,,,,,,,,,,,,,,,,,,,,,,,,,,,29,100_trials,,,,,,,,,,,,,,,,,,,shape_2,shape_3,shape_4,shape_2,shape_4,1,1,29,,,,,,,,,,,,,,,,,,,,,,,,,,,,,,,,,,,,,,,,,,,,,,,,,,,,,,,,1630.6528,77,25,1632.1414,1632.1414,1632.3252,right,1,1632.3252,1632.4252,1632.4254,1632.8938,space,0.456,,0,87,87,28,1,0.1648,,,,,,,,,,,,,,,,,,,,,,,,,,,,,,,,,,,,,,,,,,,,,,,,,,,,,,,,,,,,,,,,,,,,,,,,,,,,,,,,,,,,,,,,,,,,
,,,,,,,,,,,,,,,618522,001,2024-12-07_13h04.07.781,test,2024.1.4,Win32,59.52380952,674841e51ddba29a9dee134e,67546f35f927709209cd55ea,67548d8adc0c853401c11a3b,,,,,,,,,,,,,,,,,,,,,,,,,,,,,,,,,,,,,,,,,,,,,,,,,,,,,,,,,,,,,,38,100_trials,,,,,,,,,,,,,,,,,,,shape_3,shape_3,shape_2,shape_4,shape_4,1,1,38,,,,,,,,,,,,,,,,,,,,,,,,,,,,,,,,,,,,,,,,,,,,,,,,,,,,,,,,1632.8946,78,26,1634.3982,1634.3983,1634.6998,right,1,1634.6999,1634.8001,1634.8001,1635.1515,space,0.3298,,0,88,88,37,1,0.2853,,,,,,,,,,,,,,,,,,,,,,,,,,,,,,,,,,,,,,,,,,,,,,,,,,,,,,,,,,,,,,,,,,,,,,,,,,,,,,,,,,,,,,,,,,,,
,,,,,,,,,,,,,,,618522,001,2024-12-07_13h04.07.781,test,2024.1.4,Win32,59.52380952,674841e51ddba29a9dee134e,67546f35f927709209cd55ea,67548d8adc0c853401c11a3b,,,,,,,,,,,,,,,,,,,,,,,,,,,,,,,,,,,,,,,,,,,,,,,,,,,,,,,,,,,,,,93,100_trials,,,,,,,,,,,,,,,,,,,shape_2,shape_2,shape_2,shape_4,shape_2,2,2,93,,,,,,,,,,,,,,,,,,,,,,,,,,,,,,,,,,,,,,,,,,,,,,,,,,,,,,,,1635.152,79,27,1636.6566,1636.6566,1637.058,right,0,1637.058,1637.1582,1637.1582,1637.5765,space,0.3258,,0,89,89,92,1,0.3827,,,,,,,,,,,,,,,,,,,,,,,,,,,,,,,,,,,,,,,,,,,,,,,,,,,,,,,,,,,,,,,,,,,,,,,,,,,,,,,,,,,,,,,,,,,,
,,,,,,,,,,,,,,,618522,001,2024-12-07_13h04.07.781,test,2024.1.4,Win32,59.52380952,674841e51ddba29a9dee134e,67546f35f927709209cd55ea,67548d8adc0c853401c11a3b,,,,,,,,,,,,,,,,,,,,,,,,,,,,,,,,,,,,,,,,,,,,,,,,,,,,,,,,,,,,,,67,100_trials,,,,,,,,,,,,,,,,,,,shape_3,shape_2,shape_1,shape_4,shape_1,2,2,67,,,,,,,,,,,,,,,,,,,,,,,,,,,,,,,,,,,,,,,,,,,,,,,,,,,,,,,,1637.5771,80,26,1639.0813,1639.0813,1639.3825,left,1,1639.3826,1639.4827,1639.4827,1639.8509,space,0.2799,,0,90,90,66,1,0.2792,,,,,,,,,,,,,,,,,,,,,,,,,,,,,,,,,,,,,,,,,,,,,,,,,,,,,,,,,,,,,,,,,,,,,,,,,,,,,,,,,,,,,,,,,,,,
,,,,,,,,,,,,,,,618522,001,2024-12-07_13h04.07.781,test,2024.1.4,Win32,59.52380952,674841e51ddba29a9dee134e,67546f35f927709209cd55ea,67548d8adc0c853401c11a3b,,,,,,,,,,,,,,,,,,,,,,,,,,,,,,,,,,,,,,,,,,,,,,,,,,,,,,,,,,,,,,95,100_trials,,,,,,,,,,,,,,,,,,,shape_2,shape_2,shape_2,shape_3,shape_3,2,2,95,,,,,,,,,,,,,,,,,,,,,,,,,,,,,,,,,,,,,,,,,,,,,,,,,,,,,,,,1639.8514,81,27,1641.3559,1641.3561,1641.5569,right,0,1641.5569,1641.6569,1641.6569,1642.0584,space,0.307,,0,91,91,94,1,0.1759,,,,,,,,,,,,,,,,,,,,,,,,,,,,,,,,,,,,,,,,,,,,,,,,,,,,,,,,,,,,,,,,,,,,,,,,,,,,,,,,,,,,,,,,,,,,
,,,,,,,,,,,,,,,618522,001,2024-12-07_13h04.07.781,test,2024.1.4,Win32,59.52380952,674841e51ddba29a9dee134e,67546f35f927709209cd55ea,67548d8adc0c853401c11a3b,,,,,,,,,,,,,,,,,,,,,,,,,,,,,,,,,,,,,,,,,,,,,,,,,,,,,,,,,,,,,,66,100_trials,,,,,,,,,,,,,,,,,,,shape_1,shape_3,shape_2,shape_1,shape_3,2,2,66,,,,,,,,,,,,,,,,,,,,,,,,,,,,,,,,,,,,,,,,,,,,,,,,,,,,,,,,1642.059,82,26,1643.5635,1643.5636,1643.8645,left,1,1643.8646,1643.9649,1643.965,1644.3162,space,0.2583,,0,92,92,65,1,0.2805,,,,,,,,,,,,,,,,,,,,,,,,,,,,,,,,,,,,,,,,,,,,,,,,,,,,,,,,,,,,,,,,,,,,,,,,,,,,,,,,,,,,,,,,,,,,
,,,,,,,,,,,,,,,618522,001,2024-12-07_13h04.07.781,test,2024.1.4,Win32,59.52380952,674841e51ddba29a9dee134e,67546f35f927709209cd55ea,67548d8adc0c853401c11a3b,,,,,,,,,,,,,,,,,,,,,,,,,,,,,,,,,,,,,,,,,,,,,,,,,,,,,,,,,,,,,,19,100_trials,,,,,,,,,,,,,,,,,,,shape_2,shape_2,shape_3,shape_2,shape_4,1,1,19,,,,,,,,,,,,,,,,,,,,,,,,,,,,,,,,,,,,,,,,,,,,,,,,,,,,,,,,1644.3168,83,27,1645.8211,1645.8212,1646.2895,right,1,1646.2896,1646.3898,1646.3898,1646.691,space,0.2825,,0,93,93,18,1,0.4442,,,,,,,,,,,,,,,,,,,,,,,,,,,,,,,,,,,,,,,,,,,,,,,,,,,,,,,,,,,,,,,,,,,,,,,,,,,,,,,,,,,,,,,,,,,,
,,,,,,,,,,,,,,,618522,001,2024-12-07_13h04.07.781,test,2024.1.4,Win32,59.52380952,674841e51ddba29a9dee134e,67546f35f927709209cd55ea,67548d8adc0c853401c11a3b,,,,,,,,,,,,,,,,,,,,,,,,,,,,,,,,,,,,,,,,,,,,,,,,,,,,,,,,,,,,,,23,100_trials,,,,,,,,,,,,,,,,,,,shape_3,shape_3,shape_2,shape_2,shape_3,1,1,23,,,,,,,,,,,,,,,,,,,,,,,,,,,,,,,,,,,,,,,,,,,,,,,,,,,,,,,,1646.6915,84,28,1648.1793,1648.1795,1648.4972,right,1,1648.4973,1648.5974,1648.5976,1648.932,space,0.3143,,0,94,94,22,1,0.2969,,,,,,,,,,,,,,,,,,,,,,,,,,,,,,,,,,,,,,,,,,,,,,,,,,,,,,,,,,,,,,,,,,,,,,,,,,,,,,,,,,,,,,,,,,,,
,,,,,,,,,,,,,,,618522,001,2024-12-07_13h04.07.781,test,2024.1.4,Win32,59.52380952,674841e51ddba29a9dee134e,67546f35f927709209cd55ea,67548d8adc0c853401c11a3b,,,,,,,,,,,,,,,,,,,,,,,,,,,,,,,,,,,,,,,,,,,,,,,,,,,,,,,,,,,,,,32,100_trials,,,,,,,,,,,,,,,,,,,shape_3,shape_3,shape_3,shape_3,shape_2,1,1,32,,,,,,,,,,,,,,,,,,,,,,,,,,,,,,,,,,,,,,,,,,,,,,,,,,,,,,,,1648.9326,85,29,1650.437,1650.4371,1650.6715,right,1,1650.6715,1650.7715,1650.7716,1651.0558,space,0.2699,,0,95,95,31,1,0.2092,,,,,,,,,,,,,,,,,,,,,,,,,,,,,,,,,,,,,,,,,,,,,,,,,,,,,,,,,,,,,,,,,,,,,,,,,,,,,,,,,,,,,,,,,,,,
,,,,,,,,,,,,,,,618522,001,2024-12-07_13h04.07.781,test,2024.1.4,Win32,59.52380952,674841e51ddba29a9dee134e,67546f35f927709209cd55ea,67548d8adc0c853401c11a3b,,,,,,,,,,,,,,,,,,,,,,,,,,,,,,,,,,,,,,,,,,,,,,,,,,,,,,,,,,,,,,71,100_trials,,,,,,,,,,,,,,,,,,,shape_2,shape_2,shape_2,shape_2,shape_1,2,2,71,,,,,,,,,,,,,,,,,,,,,,,,,,,,,,,,,,,,,,,,,,,,,,,,,,,,,,,,1651.0564,86,30,1652.5443,1652.5443,1652.8121,left,1,1652.8122,1652.9122,1652.9123,1653.2132,space,0.2818,,0,96,96,70,1,0.2432,,,,,,,,,,,,,,,,,,,,,,,,,,,,,,,,,,,,,,,,,,,,,,,,,,,,,,,,,,,,,,,,,,,,,,,,,,,,,,,,,,,,,,,,,,,,
,,,,,,,,,,,,,,,618522,001,2024-12-07_13h04.07.781,test,2024.1.4,Win32,59.52380952,674841e51ddba29a9dee134e,67546f35f927709209cd55ea,67548d8adc0c853401c11a3b,,,,,,,,,,,,,,,,,,,,,,,,,,,,,,,,,,,,,,,,,,,,,,,,,,,,,,,,,,,,,,44,100_trials,,,,,,,,,,,,,,,,,,,shape_3,shape_3,shape_3,shape_3,shape_3,1,1,44,,,,,,,,,,,,,,,,,,,,,,,,,,,,,,,,,,,,,,,,,,,,,,,,,,,,,,,,1653.2137,87,31,1654.7016,1654.7017,1654.8022,right,1,1654.8022,1654.9023,1654.9024,1655.2869,space,0.3708,,0,97,97,43,1,0.0757,,,,,,,,,,,,,,,,,,,,,,,,,,,,,,,,,,,,,,,,,,,,,,,,,,,,,,,,,,,,,,,,,,,,,,,,,,,,,,,,,,,,,,,,,,,,
,,,,,,,,,,,,,,,618522,001,2024-12-07_13h04.07.781,test,2024.1.4,Win32,59.52380952,674841e51ddba29a9dee134e,67546f35f927709209cd55ea,67548d8adc0c853401c11a3b,,,,,,,,,,,,,,,,,,,,,,,,,,,,,,,,,,,,,,,,,,,,,,,,,,,,,,,,,,,,,,88,100_trials,,,,,,,,,,,,,,,,,,,shape_3,shape_2,shape_1,shape_4,shape_3,2,1,88,,,,,,,,,,,,,,,,,,,,,,,,,,,,,,,,,,,,,,,,,,,,,,,,,,,,,,,,1655.2872,88,32,1656.7754,1656.7755,1657.0433,left,1,1657.0433,1657.1433,1657.1433,1657.4611,space,0.3009,,0,98,98,87,1,0.2435,,,,,,,,,,,,,,,,,,,,,,,,,,,,,,,,,,,,,,,,,,,,,,,,,,,,,,,,,,,,,,,,,,,,,,,,,,,,,,,,,,,,,,,,,,,,
,,,,,,,,,,,,,,,618522,001,2024-12-07_13h04.07.781,test,2024.1.4,Win32,59.52380952,674841e51ddba29a9dee134e,67546f35f927709209cd55ea,67548d8adc0c853401c11a3b,,,,,,,,,,,,,,,,,,,,,,,,,,,,,,,,,,,,,,,,,,,,,,,,,,,,,,,,,,,,,,3,100_trials,,,,,,,,,,,,,,,,,,,shape_3,shape_2,shape_3,shape_2,shape_1,1,2,3,,,,,,,,,,,,,,,,,,,,,,,,,,,,,,,,,,,,,,,,,,,,,,,,,,,,,,,,1657.4618,89,33,1658.9663,1658.9663,1659.2671,left,0,1659.2672,1659.3675,1659.3675,1659.7355,space,0.2803,,0,99,99,2,1,0.2757,,,,,,,,,,,,,,,,,,,,,,,,,,,,,,,,,,,,,,,,,,,,,,,,,,,,,,,,,,,,,,,,,,,,,,,,,,,,,,,,,,,,,,,,,,,,
,,,,,,,,,,,,,,,618522,001,2024-12-07_13h04.07.781,test,2024.1.4,Win32,59.52380952,674841e51ddba29a9dee134e,67546f35f927709209cd55ea,67548d8adc0c853401c11a3b,,,,,,,,,,,,,,,,,,,,,,,,,,,,,,,,,,,,,,,,,,,,,,,,,,,,,,,,,,,,,,,,,,,,,,,,,,,,,,,,,,,,,,,,,,,,,,,,,,,,,,,,,,,,,,,,,,,,,,,,,,,,,,,,,,,,,,,,,,,,,,,,,,,,,,,,,,,,,,,,,,,,,,,1659.7359,"[60,86,3,27,38,15,74,91,96,68]",1659.7362,0,0,0,0,1,,,,,,,,,,,,,,,,,,,,,,,,,,,,,,,,,,,,,,,,,,,,,,,,,,,,,,,,,,,,,,,,,,,,,,,,,,,,,,,,,,,
,,,,,,,,,,,,,,,618522,001,2024-12-07_13h04.07.781,test,2024.1.4,Win32,59.52380952,674841e51ddba29a9dee134e,67546f35f927709209cd55ea,67548d8adc0c853401c11a3b,,,,,,,,,,,,,,,,,,,,,,,,,,,,,,,,,,,,,,,,,,,,,,,,,,,,,,,,,,,,,,39,100_trials,,,,,,,,,,,,,,,,,,,shape_3,shape_3,shape_2,shape_4,shape_4,1,1,39,,,,,,,,,,,,,,,,,,,,,,,,,,,,,,,,,,,,,,,,,,,,,,,,,,,,,,,,1659.7553,90,32,1661.2573,1661.2573,1661.5585,right,1,1661.5586,1661.659,1661.659,1661.977,space,0.2269,,0,0,0,4,1,0.2834,,,,,,,,,,,,,,,,,,,,,,,,,,,,,,,,,,,,,,,,,,,,,,,,,,,,,,,,,,,,,,,,,,,,,,,,,,,,,,,,,,,,,,,,,,,,
,,,,,,,,,,,,,,,618522,001,2024-12-07_13h04.07.781,test,2024.1.4,Win32,59.52380952,674841e51ddba29a9dee134e,67546f35f927709209cd55ea,67548d8adc0c853401c11a3b,,,,,,,,,,,,,,,,,,,,,,,,,,,,,,,,,,,,,,,,,,,,,,,,,,,,,,,,,,,,,,4,100_trials,,,,,,,,,,,,,,,,,,,shape_4,shape_2,shape_2,shape_1,shape_3,1,2,4,,,,,,,,,,,,,,,,,,,,,,,,,,,,,,,,,,,,,,,,,,,,,,,,,,,,,,,,1661.9775,91,33,1663.4818,1663.4818,1663.8499,right,1,1663.85,1663.9499,1663.95,1664.2678,space,0.2976,,0,1,1,2,1,0.3429,,,,,,,,,,,,,,,,,,,,,,,,,,,,,,,,,,,,,,,,,,,,,,,,,,,,,,,,,,,,,,,,,,,,,,,,,,,,,,,,,,,,,,,,,,,,
,,,,,,,,,,,,,,,618522,001,2024-12-07_13h04.07.781,test,2024.1.4,Win32,59.52380952,674841e51ddba29a9dee134e,67546f35f927709209cd55ea,67548d8adc0c853401c11a3b,,,,,,,,,,,,,,,,,,,,,,,,,,,,,,,,,,,,,,,,,,,,,,,,,,,,,,,,,,,,,,75,100_trials,,,,,,,,,,,,,,,,,,,shape_2,shape_1,shape_2,shape_2,shape_3,2,2,75,,,,,,,,,,,,,,,,,,,,,,,,,,,,,,,,,,,,,,,,,,,,,,,,,,,,,,,,1664.2684,92,34,1665.773,1665.7732,1666.091,left,1,1666.0911,1666.1911,1666.1912,1666.4585,space,0.2459,,0,2,2,6,1,0.2931,,,,,,,,,,,,,,,,,,,,,,,,,,,,,,,,,,,,,,,,,,,,,,,,,,,,,,,,,,,,,,,,,,,,,,,,,,,,,,,,,,,,,,,,,,,,
,,,,,,,,,,,,,,,618522,001,2024-12-07_13h04.07.781,test,2024.1.4,Win32,59.52380952,674841e51ddba29a9dee134e,67546f35f927709209cd55ea,67548d8adc0c853401c11a3b,,,,,,,,,,,,,,,,,,,,,,,,,,,,,,,,,,,,,,,,,,,,,,,,,,,,,,,,,,,,,,92,100_trials,,,,,,,,,,,,,,,,,,,shape_2,shape_2,shape_3,shape_2,shape_2,2,2,92,,,,,,,,,,,,,,,,,,,,,,,,,,,,,,,,,,,,,,,,,,,,,,,,,,,,,,,,1666.4589,93,35,1667.947,1667.9471,1668.2648,left,1,1668.2649,1668.3651,1668.3653,1668.6661,space,0.2851,,0,3,3,7,1,0.3013,,,,,,,,,,,,,,,,,,,,,,,,,,,,,,,,,,,,,,,,,,,,,,,,,,,,,,,,,,,,,,,,,,,,,,,,,,,,,,,,,,,,,,,,,,,,
,,,,,,,,,,,,,,,618522,001,2024-12-07_13h04.07.781,test,2024.1.4,Win32,59.52380952,674841e51ddba29a9dee134e,67546f35f927709209cd55ea,67548d8adc0c853401c11a3b,,,,,,,,,,,,,,,,,,,,,,,,,,,,,,,,,,,,,,,,,,,,,,,,,,,,,,,,,,,,,,61,100_trials,,,,,,,,,,,,,,,,,,,shape_2,shape_1,shape_2,shape_1,shape_3,2,2,61,,,,,,,,,,,,,,,,,,,,,,,,,,,,,,,,,,,,,,,,,,,,,,,,,,,,,,,,1668.6666,94,36,1670.1545,1670.1546,1670.4557,left,1,1670.4559,1670.5561,1670.5562,1670.8908,space,0.3128,,0,4,4,0,1,0.284,,,,,,,,,,,,,,,,,,,,,,,,,,,,,,,,,,,,,,,,,,,,,,,,,,,,,,,,,,,,,,,,,,,,,,,,,,,,,,,,,,,,,,,,,,,,
,,,,,,,,,,,,,,,618522,001,2024-12-07_13h04.07.781,test,2024.1.4,Win32,59.52380952,674841e51ddba29a9dee134e,67546f35f927709209cd55ea,67548d8adc0c853401c11a3b,,,,,,,,,,,,,,,,,,,,,,,,,,,,,,,,,,,,,,,,,,,,,,,,,,,,,,,,,,,,,,97,100_trials,,,,,,,,,,,,,,,,,,,shape_3,shape_3,shape_3,shape_2,shape_2,2,1,97,,,,,,,,,,,,,,,,,,,,,,,,,,,,,,,,,,,,,,,,,,,,,,,,,,,,,,,,1670.8914,95,37,1672.3956,1672.3957,1672.6803,right,0,1672.6803,1672.7803,1672.7803,1673.0816,space,0.2158,,0,5,5,8,1,0.2661,,,,,,,,,,,,,,,,,,,,,,,,,,,,,,,,,,,,,,,,,,,,,,,,,,,,,,,,,,,,,,,,,,,,,,,,,,,,,,,,,,,,,,,,,,,,
,,,,,,,,,,,,,,,618522,001,2024-12-07_13h04.07.781,test,2024.1.4,Win32,59.52380952,674841e51ddba29a9dee134e,67546f35f927709209cd55ea,67548d8adc0c853401c11a3b,,,,,,,,,,,,,,,,,,,,,,,,,,,,,,,,,,,,,,,,,,,,,,,,,,,,,,,,,,,,,,87,100_trials,,,,,,,,,,,,,,,,,,,shape_3,shape_2,shape_1,shape_4,shape_3,2,1,87,,,,,,,,,,,,,,,,,,,,,,,,,,,,,,,,,,,,,,,,,,,,,,,,,,,,,,,,1673.0821,96,36,1674.5864,1674.5865,1674.8711,left,1,1674.8712,1674.9712,1674.9713,1675.2224,space,0.1626,,0,6,6,1,1,0.2591,,,,,,,,,,,,,,,,,,,,,,,,,,,,,,,,,,,,,,,,,,,,,,,,,,,,,,,,,,,,,,,,,,,,,,,,,,,,,,,,,,,,,,,,,,,,
,,,,,,,,,,,,,,,618522,001,2024-12-07_13h04.07.781,test,2024.1.4,Win32,59.52380952,674841e51ddba29a9dee134e,67546f35f927709209cd55ea,67548d8adc0c853401c11a3b,,,,,,,,,,,,,,,,,,,,,,,,,,,,,,,,,,,,,,,,,,,,,,,,,,,,,,,,,,,,,,28,100_trials,,,,,,,,,,,,,,,,,,,shape_2,shape_3,shape_4,shape_2,shape_4,1,1,28,,,,,,,,,,,,,,,,,,,,,,,,,,,,,,,,,,,,,,,,,,,,,,,,,,,,,,,,1675.2228,97,37,1676.7272,1676.7274,1677.0284,right,1,1677.0286,1677.1288,1677.1289,1677.4298,space,0.281,,0,7,7,3,1,0.2774,,,,,,,,,,,,,,,,,,,,,,,,,,,,,,,,,,,,,,,,,,,,,,,,,,,,,,,,,,,,,,,,,,,,,,,,,,,,,,,,,,,,,,,,,,,,
,,,,,,,,,,,,,,,618522,001,2024-12-07_13h04.07.781,test,2024.1.4,Win32,59.52380952,674841e51ddba29a9dee134e,67546f35f927709209cd55ea,67548d8adc0c853401c11a3b,,,,,,,,,,,,,,,,,,,,,,,,,,,,,,,,,,,,,,,,,,,,,,,,,,,,,,,,,,,,,,16,100_trials,,,,,,,,,,,,,,,,,,,shape_3,shape_4,shape_4,shape_4,shape_1,1,1,16,,,,,,,,,,,,,,,,,,,,,,,,,,,,,,,,,,,,,,,,,,,,,,,,,,,,,,,,1677.4303,98,38,1678.9348,1678.9349,1679.2359,right,1,1679.2359,1679.3362,1679.3363,1679.6375,space,0.28,,0,8,8,5,1,0.2813,,,,,,,,,,,,,,,,,,,,,,,,,,,,,,,,,,,,,,,,,,,,,,,,,,,,,,,,,,,,,,,,,,,,,,,,,,,,,,,,,,,,,,,,,,,,
,,,,,,,,,,,,,,,618522,001,2024-12-07_13h04.07.781,test,2024.1.4,Win32,59.52380952,674841e51ddba29a9dee134e,67546f35f927709209cd55ea,67548d8adc0c853401c11a3b,,,,,,,,,,,,,,,,,,,,,,,,,,,,,,,,,,,,,,,,,,,,,,,,,,,,,,,,,,,,,,69,100_trials,,,,,,,,,,,,,,,,,,,shape_3,shape_1,shape_3,shape_1,shape_3,2,2,69,,,,,,,,,,,,,,,,,,,,,,,,,,,,,,,,,,,,,,,,,,,,,,,,,,,,,,,,1679.6379,99,39,1681.1423,1681.1425,1681.4441,left,1,1681.4441,1681.5437,1681.5437,1681.8618,space,0.3011,,0,9,9,9,1,0.2859,,,,,,,,,,,,,,,,,,,,,,,,,,,,,,,,,,,,,,,,,,,,,,,,,,,,,,,,,,,,,,,,,,,,,,,,,,,,,,,,,,,,,,,,,,,,
,,,,,,,,,,,,,,,618522,001,2024-12-07_13h04.07.781,test,2024.1.4,Win32,59.52380952,674841e51ddba29a9dee134e,67546f35f927709209cd55ea,67548d8adc0c853401c11a3b,,,,,,,,,,,,,,,,,,,,,,,,,,,,,,,,,,,,,,,,,,,,,,,,,,,,,,,,,,,,,,,,,,,,,,,,,,,,,,,,,,,,,,,,,,,,,,,,,,,,,,,,,,,,,,,,,,,,,,,,,,,,,,,,,,,,,,,,,,,,,,,,,,,,,,,,,,,,,,,,,,,,,,,1681.8619,[],1681.862,1,0,1,0,1,,,,,,,,,,,,,,,,,,,,,,,,,,,,,,,,,,,,,,,,,,,,,,,,,,,,,,,,,,,,,,,,,,,,,,,,,,,,,,,,,,,
,,,,,,,,,,,,,,,618522,001,2024-12-07_13h04.07.781,test,2024.1.4,Win32,59.52380952,674841e51ddba29a9dee134e,67546f35f927709209cd55ea,67548d8adc0c853401c11a3b,,,,,,,,,,,,,,,,,,,,,,,,,,,,,,,,,,,,,,,,,,,,,,,,,,,,,,,,,,,,,,,,,,,,,,,,,,,,,,,,,,,,,,,,,,,,,,,,,,,,,,,,,,,,,,,,,,,,,,,,,,,,,,,,,,,,,,,,,,,,,,,,,,,,,,,,,,,,,,,,,,,,,,,1681.8787,[],1681.8788,2,0,2,0,1,,,,,,,,,,,,,,,,,,,,,,,,,,,,,,,,,,,,,,,,,,,,,,,,,,,,,,,,,,,,,,,,,,,,,,,,,,,,,,,,,,,
,,,,,,,,,,,,,,,618522,001,2024-12-07_13h04.07.781,test,2024.1.4,Win32,59.52380952,674841e51ddba29a9dee134e,67546f35f927709209cd55ea,67548d8adc0c853401c11a3b,,,,,,,,,,,,,,,,,,,,,,,,,,,,,,,,,,,,,,,,,,,,,,,,,,,,,,,,,,,,,,,,,,,,,,,,,,,,,,,,,,,,,,,,,,,,,,,,,,,,,,,,,,,,,,,,,,,,,,,,,,,,,,,,,,,,,,,,,,,,,,,,,,,,,,,,,,,,,,,,,,,,,,,1681.8915,[],1681.8916,3,0,3,0,1,,,,,,,,,,,,,,,,,,,,,,,,,,,,,,,,,,,,,,,,,,,,,,,,,,,,,,,,,,,,,,,,,,,,,,,,,,,,,,,,,,,
,,,,,,,,,,,,,,,618522,001,2024-12-07_13h04.07.781,test,2024.1.4,Win32,59.52380952,674841e51ddba29a9dee134e,67546f35f927709209cd55ea,67548d8adc0c853401c11a3b,,,,,,,,,,,,,,,,,,,,,,,,,,,,,,,,,,,,,,,,,,,,,,,,,,,,,,,,,,,,,,,,,,,,,,,,,,,,,,,,,,,,,,,,,,,,,,,,,,,,,,,,,,,,,,,,,,,,,,,,,,,,,,,,,,,,,,,,,,,,,,,,,,,,,,,,,,,,,,,,,,,,,,,,,,,,,,,1681.892,1726.1974,space,44.2884,,,,,,,,,,,,,,,,,,,,,,,,,,,,,,,,,,,,,,,,,,,,,,,,,,,,,,,,,,,,,,,,,,,,,,,,,,,,,,,
,,,,,,,,,,,,,,,618522,001,2024-12-07_13h04.07.781,test,2024.1.4,Win32,59.52380952,674841e51ddba29a9dee134e,67546f35f927709209cd55ea,67548d8adc0c853401c11a3b,,,,,,,,,,,,,,,,,,,,,,,,,,,,,,,,,,,,,,,,,,,,,,,,,,,,,,,,,,,,,,200,block_1,,,,,,,,,,,,,,,,,,,shape_1,shape_4,shape_3,shape_2,shape_1,2,2,200,,,,,,,,,,,,,,,,,,,,,,,,,,,,,,,,,,,,,,,,,,,,,,,,,,,,,,,,,,,,,,,,,,,,,,,,,,,,,,,,,,,,,,,,,,,1726.2439,0,0,1727.736,1727.7364,1728.1279,,0,1728.1282,1728.1301,1728.1303,1728.8234,space,0.3641,,0,0,0,199,1,,,,,,,,,,,,,,,,,,,,,,,,,,,,,,,,,,,,,,,,,,,,,,,,,,,,,,,,,,
,,,,,,,,,,,,,,,618522,001,2024-12-07_13h04.07.781,test,2024.1.4,Win32,59.52380952,674841e51ddba29a9dee134e,67546f35f927709209cd55ea,67548d8adc0c853401c11a3b,,,,,,,,,,,,,,,,,,,,,,,,,,,,,,,,,,,,,,,,,,,,,,,,,,,,,,,,,,,,,,75,block_1,,,,,,,,,,,,,,,,,,,shape_3,shape_3,shape_2,shape_2,shape_4,1,1,75,,,,,,,,,,,,,,,,,,,,,,,,,,,,,,,,,,,,,,,,,,,,,,,,,,,,,,,,,,,,,,,,,,,,,,,,,,,,,,,,,,,,,,,,,,,1728.8241,0,0,1730.3278,1730.328,1730.5953,right,1,1730.5955,1730.9652,1730.9652,1731.7324,space,0.7509,,0,1,1,74,1,0.2605,,,,,,,,,,,,,,,,,,,,,,,,,,,,,,,,,,,,,,,,,,,,,,,,,,,,,,,,,
,,,,,,,,,,,,,,,618522,001,2024-12-07_13h04.07.781,test,2024.1.4,Win32,59.52380952,674841e51ddba29a9dee134e,67546f35f927709209cd55ea,67548d8adc0c853401c11a3b,,,,,,,,,,,,,,,,,,,,,,,,,,,,,,,,,,,,,,,,,,,,,,,,,,,,,,,,,,,,,,194,block_1,,,,,,,,,,,,,,,,,,,shape_1,shape_3,shape_3,shape_2,shape_1,2,2,194,,,,,,,,,,,,,,,,,,,,,,,,,,,,,,,,,,,,,,,,,,,,,,,,,,,,,,,,,,,,,,,,,,,,,,,,,,,,,,,,,,,,,,,,,,,1731.7332,1,1,1733.2212,1733.2214,1733.288,left,1,1733.2881,1733.3885,1733.3886,1733.9234,space,0.5179,,0,2,2,193,1,0.0457,,,,,,,,,,,,,,,,,,,,,,,,,,,,,,,,,,,,,,,,,,,,,,,,,,,,,,,,,
,,,,,,,,,,,,,,,618522,001,2024-12-07_13h04.07.781,test,2024.1.4,Win32,59.52380952,674841e51ddba29a9dee134e,67546f35f927709209cd55ea,67548d8adc0c853401c11a3b,,,,,,,,,,,,,,,,,,,,,,,,,,,,,,,,,,,,,,,,,,,,,,,,,,,,,,,,,,,,,,117,block_1,,,,,,,,,,,,,,,,,,,shape_3,shape_3,shape_4,shape_4,shape_2,1,1,117,,,,,,,,,,,,,,,,,,,,,,,,,,,,,,,,,,,,,,,,,,,,,,,,,,,,,,,,,,,,,,,,,,,,,,,,,,,,,,,,,,,,,,,,,,,1733.9242,2,2,1735.4289,1735.4289,1735.6125,right,1,1735.6127,1735.7128,1735.7129,1736.0642,space,0.3316,,0,3,3,116,1,0.1609,,,,,,,,,,,,,,,,,,,,,,,,,,,,,,,,,,,,,,,,,,,,,,,,,,,,,,,,,
,,,,,,,,,,,,,,,618522,001,2024-12-07_13h04.07.781,test,2024.1.4,Win32,59.52380952,674841e51ddba29a9dee134e,67546f35f927709209cd55ea,67548d8adc0c853401c11a3b,,,,,,,,,,,,,,,,,,,,,,,,,,,,,,,,,,,,,,,,,,,,,,,,,,,,,,,,,,,,,,287,block_1,,,,,,,,,,,,,,,,,,,shape_2,shape_2,shape_4,shape_2,shape_4,2,1,287,,,,,,,,,,,,,,,,,,,,,,,,,,,,,,,,,,,,,,,,,,,,,,,,,,,,,,,,,,,,,,,,,,,,,,,,,,,,,,,,,,,,,,,,,,,1736.0648,3,3,1737.5691,1737.5691,1737.7027,right,0,1737.7029,1737.8032,1737.8033,1738.1044,space,0.2893,,0,4,4,286,1,0.1128,,,,,,,,,,,,,,,,,,,,,,,,,,,,,,,,,,,,,,,,,,,,,,,,,,,,,,,,,
,,,,,,,,,,,,,,,618522,001,2024-12-07_13h04.07.781,test,2024.1.4,Win32,59.52380952,674841e51ddba29a9dee134e,67546f35f927709209cd55ea,67548d8adc0c853401c11a3b,,,,,,,,,,,,,,,,,,,,,,,,,,,,,,,,,,,,,,,,,,,,,,,,,,,,,,,,,,,,,,261,block_1,,,,,,,,,,,,,,,,,,,shape_3,shape_3,shape_4,shape_2,shape_1,2,1,261,,,,,,,,,,,,,,,,,,,,,,,,,,,,,,,,,,,,,,,,,,,,,,,,,,,,,,,,,,,,,,,,,,,,,,,,,,,,,,,,,,,,,,,,,,,1738.1051,4,2,1739.5927,1739.5928,1739.9774,left,1,1739.9775,1740.078,1740.0781,1740.3786,space,0.2838,,0,5,5,260,1,0.3672,,,,,,,,,,,,,,,,,,,,,,,,,,,,,,,,,,,,,,,,,,,,,,,,,,,,,,,,,
,,,,,,,,,,,,,,,618522,001,2024-12-07_13h04.07.781,test,2024.1.4,Win32,59.52380952,674841e51ddba29a9dee134e,67546f35f927709209cd55ea,67548d8adc0c853401c11a3b,,,,,,,,,,,,,,,,,,,,,,,,,,,,,,,,,,,,,,,,,,,,,,,,,,,,,,,,,,,,,,37,block_1,,,,,,,,,,,,,,,,,,,shape_2,shape_4,shape_4,shape_1,shape_3,1,1,37,,,,,,,,,,,,,,,,,,,,,,,,,,,,,,,,,,,,,,,,,,,,,,,,,,,,,,,,,,,,,,,,,,,,,,,,,,,,,,,,,,,,,,,,,,,1740.379,5,3,1741.8676,1741.8676,1742.3692,,0,1742.3693,1742.4693,1742.4694,1742.67,space,0.1815,,0,6,6,36,1,,,,,,,,,,,,,,,,,,,,,,,,,,,,,,,,,,,,,,,,,,,,,,,,,,,,,,,,,,
,,,,,,,,,,,,,,,618522,001,2024-12-07_13h04.07.781,test,2024.1.4,Win32,59.52380952,674841e51ddba29a9dee134e,67546f35f927709209cd55ea,67548d8adc0c853401c11a3b,,,,,,,,,,,,,,,,,,,,,,,,,,,,,,,,,,,,,,,,,,,,,,,,,,,,,,,,,,,,,,230,block_1,,,,,,,,,,,,,,,,,,,shape_2,shape_3,shape_3,shape_2,shape_1,2,2,230,,,,,,,,,,,,,,,,,,,,,,,,,,,,,,,,,,,,,,,,,,,,,,,,,,,,,,,,,,,,,,,,,,,,,,,,,,,,,,,,,,,,,,,,,,,1742.6707,5,3,1744.1586,1744.1586,1744.4093,right,0,1744.4094,1744.5099,1744.5099,1744.8117,space,0.2777,,0,7,7,229,1,0.2412,,,,,,,,,,,,,,,,,,,,,,,,,,,,,,,,,,,,,,,,,,,,,,,,,,,,,,,,,
,,,,,,,,,,,,,,,618522,001,2024-12-07_13h04.07.781,test,2024.1.4,Win32,59.52380952,674841e51ddba29a9dee134e,67546f35f927709209cd55ea,67548d8adc0c853401c11a3b,,,,,,,,,,,,,,,,,,,,,,,,,,,,,,,,,,,,,,,,,,,,,,,,,,,,,,,,,,,,,,105,block_1,,,,,,,,,,,,,,,,,,,shape_3,shape_3,shape_3,shape_4,shape_2,1,1,105,,,,,,,,,,,,,,,,,,,,,,,,,,,,,,,,,,,,,,,,,,,,,,,,,,,,,,,,,,,,,,,,,,,,,,,,,,,,,,,,,,,,,,,,,,,1744.812,6,2,1746.3161,1746.3161,1746.6001,right,1,1746.6002,1746.7007,1746.7008,1747.0183,space,0.2947,,0,8,8,104,1,0.2662,,,,,,,,,,,,,,,,,,,,,,,,,,,,,,,,,,,,,,,,,,,,,,,,,,,,,,,,,
,,,,,,,,,,,,,,,618522,001,2024-12-07_13h04.07.781,test,2024.1.4,Win32,59.52380952,674841e51ddba29a9dee134e,67546f35f927709209cd55ea,67548d8adc0c853401c11a3b,,,,,,,,,,,,,,,,,,,,,,,,,,,,,,,,,,,,,,,,,,,,,,,,,,,,,,,,,,,,,,1,block_1,,,,,,,,,,,,,,,,,,,shape_2,shape_1,shape_2,shape_1,shape_3,1,2,1,,,,,,,,,,,,,,,,,,,,,,,,,,,,,,,,,,,,,,,,,,,,,,,,,,,,,,,,,,,,,,,,,,,,,,,,,,,,,,,,,,,,,,,,,,,1747.019,7,3,1748.5237,1748.5238,1748.8579,left,0,1748.8579,1748.9584,1748.9584,1749.1757,space,0.1991,,0,9,9,0,1,0.321,,,,,,,,,,,,,,,,,,,,,,,,,,,,,,,,,,,,,,,,,,,,,,,,,,,,,,,,,
,,,,,,,,,,,,,,,618522,001,2024-12-07_13h04.07.781,test,2024.1.4,Win32,59.52380952,674841e51ddba29a9dee134e,67546f35f927709209cd55ea,67548d8adc0c853401c11a3b,,,,,,,,,,,,,,,,,,,,,,,,,,,,,,,,,,,,,,,,,,,,,,,,,,,,,,,,,,,,,,31,block_1,,,,,,,,,,,,,,,,,,,shape_2,shape_4,shape_3,shape_3,shape_1,1,1,31,,,,,,,,,,,,,,,,,,,,,,,,,,,,,,,,,,,,,,,,,,,,,,,,,,,,,,,,,,,,,,,,,,,,,,,,,,,,,,,,,,,,,,,,,,,1749.1767,8,2,1750.681,1750.681,1751.032,right,1,1751.0321,1751.1327,1751.1327,1751.4502,space,0.3024,,0,10,10,30,1,0.3352,,,,,,,,,,,,,,,,,,,,,,,,,,,,,,,,,,,,,,,,,,,,,,,,,,,,,,,,,
,,,,,,,,,,,,,,,618522,001,2024-12-07_13h04.07.781,test,2024.1.4,Win32,59.52380952,674841e51ddba29a9dee134e,67546f35f927709209cd55ea,67548d8adc0c853401c11a3b,,,,,,,,,,,,,,,,,,,,,,,,,,,,,,,,,,,,,,,,,,,,,,,,,,,,,,,,,,,,,,104,block_1,,,,,,,,,,,,,,,,,,,shape_3,shape_3,shape_3,shape_4,shape_2,1,1,104,,,,,,,,,,,,,,,,,,,,,,,,,,,,,,,,,,,,,,,,,,,,,,,,,,,,,,,,,,,,,,,,,,,,,,,,,,,,,,,,,,,,,,,,,,,1751.4508,9,3,1752.9387,1752.9388,1753.2396,right,1,1753.2398,1753.3402,1753.3402,1753.6912,space,0.3296,,0,11,11,103,1,0.2777,,,,,,,,,,,,,,,,,,,,,,,,,,,,,,,,,,,,,,,,,,,,,,,,,,,,,,,,,
,,,,,,,,,,,,,,,618522,001,2024-12-07_13h04.07.781,test,2024.1.4,Win32,59.52380952,674841e51ddba29a9dee134e,67546f35f927709209cd55ea,67548d8adc0c853401c11a3b,,,,,,,,,,,,,,,,,,,,,,,,,,,,,,,,,,,,,,,,,,,,,,,,,,,,,,,,,,,,,,294,block_1,,,,,,,,,,,,,,,,,,,shape_2,shape_2,shape_3,shape_3,shape_4,2,1,294,,,,,,,,,,,,,,,,,,,,,,,,,,,,,,,,,,,,,,,,,,,,,,,,,,,,,,,,,,,,,,,,,,,,,,,,,,,,,,,,,,,,,,,,,,,1753.6918,10,4,1755.1797,1755.1797,1755.464,right,0,1755.464,1755.5646,1755.5646,1755.9154,space,0.3277,,0,12,12,293,1,0.2607,,,,,,,,,,,,,,,,,,,,,,,,,,,,,,,,,,,,,,,,,,,,,,,,,,,,,,,,,
,,,,,,,,,,,,,,,618522,001,2024-12-07_13h04.07.781,test,2024.1.4,Win32,59.52380952,674841e51ddba29a9dee134e,67546f35f927709209cd55ea,67548d8adc0c853401c11a3b,,,,,,,,,,,,,,,,,,,,,,,,,,,,,,,,,,,,,,,,,,,,,,,,,,,,,,,,,,,,,,99,block_1,,,,,,,,,,,,,,,,,,,shape_3,shape_3,shape_3,shape_2,shape_3,1,1,99,,,,,,,,,,,,,,,,,,,,,,,,,,,,,,,,,,,,,,,,,,,,,,,,,,,,,,,,,,,,,,,,,,,,,,,,,,,,,,,,,,,,,,,,,,,1755.9162,11,3,1757.4041,1757.4042,1757.7549,right,1,1757.755,1757.8554,1757.8555,1758.4076,space,0.5381,,0,13,13,98,1,0.3316,,,,,,,,,,,,,,,,,,,,,,,,,,,,,,,,,,,,,,,,,,,,,,,,,,,,,,,,,
,,,,,,,,,,,,,,,618522,001,2024-12-07_13h04.07.781,test,2024.1.4,Win32,59.52380952,674841e51ddba29a9dee134e,67546f35f927709209cd55ea,67548d8adc0c853401c11a3b,,,,,,,,,,,,,,,,,,,,,,,,,,,,,,,,,,,,,,,,,,,,,,,,,,,,,,,,,,,,,,7,block_1,,,,,,,,,,,,,,,,,,,shape_1,shape_3,shape_4,shape_1,shape_3,1,2,7,,,,,,,,,,,,,,,,,,,,,,,,,,,,,,,,,,,,,,,,,,,,,,,,,,,,,,,,,,,,,,,,,,,,,,,,,,,,,,,,,,,,,,,,,,,1758.4082,12,4,1759.9124,1759.9124,1760.2636,left,0,1760.2636,1760.3638,1760.3639,1760.6988,space,0.3222,,0,14,14,6,1,0.3413,,,,,,,,,,,,,,,,,,,,,,,,,,,,,,,,,,,,,,,,,,,,,,,,,,,,,,,,,
,,,,,,,,,,,,,,,618522,001,2024-12-07_13h04.07.781,test,2024.1.4,Win32,59.52380952,674841e51ddba29a9dee134e,67546f35f927709209cd55ea,67548d8adc0c853401c11a3b,,,,,,,,,,,,,,,,,,,,,,,,,,,,,,,,,,,,,,,,,,,,,,,,,,,,,,,,,,,,,,15,block_1,,,,,,,,,,,,,,,,,,,shape_2,shape_1,shape_2,shape_3,shape_3,1,2,15,,,,,,,,,,,,,,,,,,,,,,,,,,,,,,,,,,,,,,,,,,,,,,,,,,,,,,,,,,,,,,,,,,,,,,,,,,,,,,,,,,,,,,,,,,,1760.6993,13,3,1762.2038,1762.2039,1762.5047,left,0,1762.5048,1762.6053,1762.6053,1762.923,space,0.2982,,0,15,15,14,1,0.2814,,,,,,,,,,,,,,,,,,,,,,,,,,,,,,,,,,,,,,,,,,,,,,,,,,,,,,,,,
,,,,,,,,,,,,,,,618522,001,2024-12-07_13h04.07.781,test,2024.1.4,Win32,59.52380952,674841e51ddba29a9dee134e,67546f35f927709209cd55ea,67548d8adc0c853401c11a3b,,,,,,,,,,,,,,,,,,,,,,,,,,,,,,,,,,,,,,,,,,,,,,,,,,,,,,,,,,,,,,21,block_1,,,,,,,,,,,,,,,,,,,shape_2,shape_4,shape_1,shape_2,shape_4,1,1,21,,,,,,,,,,,,,,,,,,,,,,,,,,,,,,,,,,,,,,,,,,,,,,,,,,,,,,,,,,,,,,,,,,,,,,,,,,,,,,,,,,,,,,,,,,,1762.9236,14,2,1764.4113,1764.4115,1764.6788,right,1,1764.6789,1764.7794,1764.7795,1765.0803,space,0.2787,,0,16,16,20,1,0.25,,,,,,,,,,,,,,,,,,,,,,,,,,,,,,,,,,,,,,,,,,,,,,,,,,,,,,,,,
,,,,,,,,,,,,,,,618522,001,2024-12-07_13h04.07.781,test,2024.1.4,Win32,59.52380952,674841e51ddba29a9dee134e,67546f35f927709209cd55ea,67548d8adc0c853401c11a3b,,,,,,,,,,,,,,,,,,,,,,,,,,,,,,,,,,,,,,,,,,,,,,,,,,,,,,,,,,,,,,116,block_1,,,,,,,,,,,,,,,,,,,shape_3,shape_3,shape_4,shape_4,shape_2,1,1,116,,,,,,,,,,,,,,,,,,,,,,,,,,,,,,,,,,,,,,,,,,,,,,,,,,,,,,,,,,,,,,,,,,,,,,,,,,,,,,,,,,,,,,,,,,,1765.0809,15,3,1766.5688,1766.5689,1766.8363,right,1,1766.8364,1766.9367,1766.937,1767.2543,space,0.2993,,0,17,17,115,1,0.2473,,,,,,,,,,,,,,,,,,,,,,,,,,,,,,,,,,,,,,,,,,,,,,,,,,,,,,,,,
,,,,,,,,,,,,,,,618522,001,2024-12-07_13h04.07.781,test,2024.1.4,Win32,59.52380952,674841e51ddba29a9dee134e,67546f35f927709209cd55ea,67548d8adc0c853401c11a3b,,,,,,,,,,,,,,,,,,,,,,,,,,,,,,,,,,,,,,,,,,,,,,,,,,,,,,,,,,,,,,66,block_1,,,,,,,,,,,,,,,,,,,shape_2,shape_3,shape_3,shape_2,shape_3,1,1,66,,,,,,,,,,,,,,,,,,,,,,,,,,,,,,,,,,,,,,,,,,,,,,,,,,,,,,,,,,,,,,,,,,,,,,,,,,,,,,,,,,,,,,,,,,,1767.255,16,4,1768.7429,1768.743,1769.0104,right,1,1769.0105,1769.1109,1769.111,1769.3282,space,0.1969,,0,18,18,65,1,0.2446,,,,,,,,,,,,,,,,,,,,,,,,,,,,,,,,,,,,,,,,,,,,,,,,,,,,,,,,,
,,,,,,,,,,,,,,,618522,001,2024-12-07_13h04.07.781,test,2024.1.4,Win32,59.52380952,674841e51ddba29a9dee134e,67546f35f927709209cd55ea,67548d8adc0c853401c11a3b,,,,,,,,,,,,,,,,,,,,,,,,,,,,,,,,,,,,,,,,,,,,,,,,,,,,,,,,,,,,,,115,block_1,,,,,,,,,,,,,,,,,,,shape_3,shape_3,shape_4,shape_4,shape_2,1,1,115,,,,,,,,,,,,,,,,,,,,,,,,,,,,,,,,,,,,,,,,,,,,,,,,,,,,,,,,,,,,,,,,,,,,,,,,,,,,,,,,,,,,,,,,,,,1769.3288,17,5,1770.8331,1770.8333,1770.9,right,1,1770.9001,1771.0003,1771.0004,1771.3853,space,0.3674,,0,19,19,114,1,0.0473,,,,,,,,,,,,,,,,,,,,,,,,,,,,,,,,,,,,,,,,,,,,,,,,,,,,,,,,,
,,,,,,,,,,,,,,,618522,001,2024-12-07_13h04.07.781,test,2024.1.4,Win32,59.52380952,674841e51ddba29a9dee134e,67546f35f927709209cd55ea,67548d8adc0c853401c11a3b,,,,,,,,,,,,,,,,,,,,,,,,,,,,,,,,,,,,,,,,,,,,,,,,,,,,,,,,,,,,,,51,block_1,,,,,,,,,,,,,,,,,,,shape_3,shape_4,shape_4,shape_1,shape_4,1,1,51,,,,,,,,,,,,,,,,,,,,,,,,,,,,,,,,,,,,,,,,,,,,,,,,,,,,,,,,,,,,,,,,,,,,,,,,,,,,,,,,,,,,,,,,,,,1771.3859,18,6,1772.8737,1772.874,1773.0408,right,1,1773.0408,1773.1415,1773.1415,1773.4592,space,0.2974,,0,20,20,50,1,0.1507,,,,,,,,,,,,,,,,,,,,,,,,,,,,,,,,,,,,,,,,,,,,,,,,,,,,,,,,,
,,,,,,,,,,,,,,,618522,001,2024-12-07_13h04.07.781,test,2024.1.4,Win32,59.52380952,674841e51ddba29a9dee134e,67546f35f927709209cd55ea,67548d8adc0c853401c11a3b,,,,,,,,,,,,,,,,,,,,,,,,,,,,,,,,,,,,,,,,,,,,,,,,,,,,,,,,,,,,,,23,block_1,,,,,,,,,,,,,,,,,,,shape_3,shape_2,shape_3,shape_3,shape_1,1,2,23,,,,,,,,,,,,,,,,,,,,,,,,,,,,,,,,,,,,,,,,,,,,,,,,,,,,,,,,,,,,,,,,,,,,,,,,,,,,,,,,,,,,,,,,,,,1773.4596,19,7,1774.9476,1774.9477,1775.3488,right,1,1775.349,1775.4491,1775.4493,1775.7168,space,0.2474,,0,21,21,22,1,0.3862,,,,,,,,,,,,,,,,,,,,,,,,,,,,,,,,,,,,,,,,,,,,,,,,,,,,,,,,,
,,,,,,,,,,,,,,,618522,001,2024-12-07_13h04.07.781,test,2024.1.4,Win32,59.52380952,674841e51ddba29a9dee134e,67546f35f927709209cd55ea,67548d8adc0c853401c11a3b,,,,,,,,,,,,,,,,,,,,,,,,,,,,,,,,,,,,,,,,,,,,,,,,,,,,,,,,,,,,,,292,block_1,,,,,,,,,,,,,,,,,,,shape_2,shape_2,shape_3,shape_3,shape_4,2,1,292,,,,,,,,,,,,,,,,,,,,,,,,,,,,,,,,,,,,,,,,,,,,,,,,,,,,,,,,,,,,,,,,,,,,,,,,,,,,,,,,,,,,,,,,,,,1775.7175,20,8,1777.2217,1777.2217,1777.4894,right,0,1777.4895,1777.5901,1777.5901,1777.8909,space,0.2821,,0,22,22,291,1,0.2549,,,,,,,,,,,,,,,,,,,,,,,,,,,,,,,,,,,,,,,,,,,,,,,,,,,,,,,,,
,,,,,,,,,,,,,,,618522,001,2024-12-07_13h04.07.781,test,2024.1.4,Win32,59.52380952,674841e51ddba29a9dee134e,67546f35f927709209cd55ea,67548d8adc0c853401c11a3b,,,,,,,,,,,,,,,,,,,,,,,,,,,,,,,,,,,,,,,,,,,,,,,,,,,,,,,,,,,,,,164,block_1,,,,,,,,,,,,,,,,,,,shape_1,shape_3,shape_1,shape_3,shape_1,2,2,164,,,,,,,,,,,,,,,,,,,,,,,,,,,,,,,,,,,,,,,,,,,,,,,,,,,,,,,,,,,,,,,,,,,,,,,,,,,,,,,,,,,,,,,,,,,1777.8915,21,7,1779.3795,1779.3795,1779.6469,left,1,1779.647,1779.7473,1779.7475,1779.9815,space,0.2174,,0,23,23,163,1,0.2441,,,,,,,,,,,,,,,,,,,,,,,,,,,,,,,,,,,,,,,,,,,,,,,,,,,,,,,,,
,,,,,,,,,,,,,,,618522,001,2024-12-07_13h04.07.781,test,2024.1.4,Win32,59.52380952,674841e51ddba29a9dee134e,67546f35f927709209cd55ea,67548d8adc0c853401c11a3b,,,,,,,,,,,,,,,,,,,,,,,,,,,,,,,,,,,,,,,,,,,,,,,,,,,,,,,,,,,,,,193,block_1,,,,,,,,,,,,,,,,,,,shape_1,shape_3,shape_3,shape_2,shape_1,2,2,193,,,,,,,,,,,,,,,,,,,,,,,,,,,,,,,,,,,,,,,,,,,,,,,,,,,,,,,,,,,,,,,,,,,,,,,,,,,,,,,,,,,,,,,,,,,1779.982,22,8,1781.47,1781.4701,1781.754,left,1,1781.7541,1781.8547,1781.8548,1782.1054,space,0.2308,,0,24,24,192,1,0.2605,,,,,,,,,,,,,,,,,,,,,,,,,,,,,,,,,,,,,,,,,,,,,,,,,,,,,,,,,
,,,,,,,,,,,,,,,618522,001,2024-12-07_13h04.07.781,test,2024.1.4,Win32,59.52380952,674841e51ddba29a9dee134e,67546f35f927709209cd55ea,67548d8adc0c853401c11a3b,,,,,,,,,,,,,,,,,,,,,,,,,,,,,,,,,,,,,,,,,,,,,,,,,,,,,,,,,,,,,,165,block_1,,,,,,,,,,,,,,,,,,,shape_1,shape_3,shape_1,shape_3,shape_1,2,2,165,,,,,,,,,,,,,,,,,,,,,,,,,,,,,,,,,,,,,,,,,,,,,,,,,,,,,,,,,,,,,,,,,,,,,,,,,,,,,,,,,,,,,,,,,,,1782.106,23,9,1783.5939,1783.594,1783.8779,left,1,1783.8781,1783.9785,1783.9785,1784.1961,space,0.1994,,0,25,25,164,1,0.261,,,,,,,,,,,,,,,,,,,,,,,,,,,,,,,,,,,,,,,,,,,,,,,,,,,,,,,,,
,,,,,,,,,,,,,,,618522,001,2024-12-07_13h04.07.781,test,2024.1.4,Win32,59.52380952,674841e51ddba29a9dee134e,67546f35f927709209cd55ea,67548d8adc0c853401c11a3b,,,,,,,,,,,,,,,,,,,,,,,,,,,,,,,,,,,,,,,,,,,,,,,,,,,,,,,,,,,,,,290,block_1,,,,,,,,,,,,,,,,,,,shape_2,shape_3,shape_3,shape_3,shape_2,2,1,290,,,,,,,,,,,,,,,,,,,,,,,,,,,,,,,,,,,,,,,,,,,,,,,,,,,,,,,,,,,,,,,,,,,,,,,,,,,,,,,,,,,,,,,,,,,1784.1967,24,10,1785.701,1785.7011,1786.1027,right,0,1786.1027,1786.2031,1786.2032,1786.5872,space,0.3619,,0,26,26,289,1,0.3862,,,,,,,,,,,,,,,,,,,,,,,,,,,,,,,,,,,,,,,,,,,,,,,,,,,,,,,,,
,,,,,,,,,,,,,,,618522,001,2024-12-07_13h04.07.781,test,2024.1.4,Win32,59.52380952,674841e51ddba29a9dee134e,67546f35f927709209cd55ea,67548d8adc0c853401c11a3b,,,,,,,,,,,,,,,,,,,,,,,,,,,,,,,,,,,,,,,,,,,,,,,,,,,,,,,,,,,,,,216,block_1,,,,,,,,,,,,,,,,,,,shape_2,shape_3,shape_2,shape_2,shape_1,2,2,216,,,,,,,,,,,,,,,,,,,,,,,,,,,,,,,,,,,,,,,,,,,,,,,,,,,,,,,,,,,,,,,,,,,,,,,,,,,,,,,,,,,,,,,,,,,1786.5879,25,9,1788.076,1788.0762,1788.1927,left,1,1788.1927,1788.2931,1788.2933,1788.6444,space,0.3281,,0,27,27,215,1,0.0959,,,,,,,,,,,,,,,,,,,,,,,,,,,,,,,,,,,,,,,,,,,,,,,,,,,,,,,,,
,,,,,,,,,,,,,,,618522,001,2024-12-07_13h04.07.781,test,2024.1.4,Win32,59.52380952,674841e51ddba29a9dee134e,67546f35f927709209cd55ea,67548d8adc0c853401c11a3b,,,,,,,,,,,,,,,,,,,,,,,,,,,,,,,,,,,,,,,,,,,,,,,,,,,,,,,,,,,,,,264,block_1,,,,,,,,,,,,,,,,,,,shape_1,shape_3,shape_3,shape_3,shape_3,2,1,264,,,,,,,,,,,,,,,,,,,,,,,,,,,,,,,,,,,,,,,,,,,,,,,,,,,,,,,,,,,,,,,,,,,,,,,,,,,,,,,,,,,,,,,,,,,1788.6451,26,10,1790.1497,1790.1499,1790.4171,right,0,1790.4171,1790.5175,1790.5176,1790.8186,space,0.2785,,0,28,28,263,1,0.2442,,,,,,,,,,,,,,,,,,,,,,,,,,,,,,,,,,,,,,,,,,,,,,,,,,,,,,,,,
,,,,,,,,,,,,,,,618522,001,2024-12-07_13h04.07.781,test,2024.1.4,Win32,59.52380952,674841e51ddba29a9dee134e,67546f35f927709209cd55ea,67548d8adc0c853401c11a3b,,,,,,,,,,,,,,,,,,,,,,,,,,,,,,,,,,,,,,,,,,,,,,,,,,,,,,,,,,,,,,203,block_1,,,,,,,,,,,,,,,,,,,shape_1,shape_4,shape_4,shape_2,shape_1,2,2,203,,,,,,,,,,,,,,,,,,,,,,,,,,,,,,,,,,,,,,,,,,,,,,,,,,,,,,,,,,,,,,,,,,,,,,,,,,,,,,,,,,,,,,,,,,,1790.8193,27,9,1792.3241,1792.3242,1792.5914,left,1,1792.5914,1792.6916,1792.6917,1792.8589,space,0.1471,,0,29,29,202,1,0.2438,,,,,,,,,,,,,,,,,,,,,,,,,,,,,,,,,,,,,,,,,,,,,,,,,,,,,,,,,
,,,,,,,,,,,,,,,618522,001,2024-12-07_13h04.07.781,test,2024.1.4,Win32,59.52380952,674841e51ddba29a9dee134e,67546f35f927709209cd55ea,67548d8adc0c853401c11a3b,,,,,,,,,,,,,,,,,,,,,,,,,,,,,,,,,,,,,,,,,,,,,,,,,,,,,,,,,,,,,,284,block_1,,,,,,,,,,,,,,,,,,,shape_2,shape_2,shape_3,shape_4,shape_2,2,1,284,,,,,,,,,,,,,,,,,,,,,,,,,,,,,,,,,,,,,,,,,,,,,,,,,,,,,,,,,,,,,,,,,,,,,,,,,,,,,,,,,,,,,,,,,,,1792.8596,28,10,1794.3476,1794.3476,1794.7321,right,0,1794.7323,1794.8325,1794.8325,1795.0162,space,0.1607,,0,30,30,283,1,0.3608,,,,,,,,,,,,,,,,,,,,,,,,,,,,,,,,,,,,,,,,,,,,,,,,,,,,,,,,,
,,,,,,,,,,,,,,,618522,001,2024-12-07_13h04.07.781,test,2024.1.4,Win32,59.52380952,674841e51ddba29a9dee134e,67546f35f927709209cd55ea,67548d8adc0c853401c11a3b,,,,,,,,,,,,,,,,,,,,,,,,,,,,,,,,,,,,,,,,,,,,,,,,,,,,,,,,,,,,,,157,block_1,,,,,,,,,,,,,,,,,,,shape_2,shape_1,shape_3,shape_1,shape_1,2,2,157,,,,,,,,,,,,,,,,,,,,,,,,,,,,,,,,,,,,,,,,,,,,,,,,,,,,,,,,,,,,,,,,,,,,,,,,,,,,,,,,,,,,,,,,,,,1795.0169,29,9,1796.5214,1796.5214,1796.7891,left,1,1796.7891,1796.8897,1796.8897,1797.0232,space,0.1124,,0,31,31,156,1,0.2439,,,,,,,,,,,,,,,,,,,,,,,,,,,,,,,,,,,,,,,,,,,,,,,,,,,,,,,,,
,,,,,,,,,,,,,,,618522,001,2024-12-07_13h04.07.781,test,2024.1.4,Win32,59.52380952,674841e51ddba29a9dee134e,67546f35f927709209cd55ea,67548d8adc0c853401c11a3b,,,,,,,,,,,,,,,,,,,,,,,,,,,,,,,,,,,,,,,,,,,,,,,,,,,,,,,,,,,,,,82,block_1,,,,,,,,,,,,,,,,,,,shape_3,shape_3,shape_2,shape_2,shape_4,1,1,82,,,,,,,,,,,,,,,,,,,,,,,,,,,,,,,,,,,,,,,,,,,,,,,,,,,,,,,,,,,,,,,,,,,,,,,,,,,,,,,,,,,,,,,,,,,1797.0237,30,10,1798.5119,1798.5119,1798.8796,right,1,1798.8796,1798.9799,1798.9801,1799.1974,space,0.1976,,0,32,32,81,1,0.3462,,,,,,,,,,,,,,,,,,,,,,,,,,,,,,,,,,,,,,,,,,,,,,,,,,,,,,,,,
,,,,,,,,,,,,,,,618522,001,2024-12-07_13h04.07.781,test,2024.1.4,Win32,59.52380952,674841e51ddba29a9dee134e,67546f35f927709209cd55ea,67548d8adc0c853401c11a3b,,,,,,,,,,,,,,,,,,,,,,,,,,,,,,,,,,,,,,,,,,,,,,,,,,,,,,,,,,,,,,253,block_1,,,,,,,,,,,,,,,,,,,shape_3,shape_2,shape_3,shape_1,shape_3,2,2,253,,,,,,,,,,,,,,,,,,,,,,,,,,,,,,,,,,,,,,,,,,,,,,,,,,,,,,,,,,,,,,,,,,,,,,,,,,,,,,,,,,,,,,,,,,,1799.198,31,11,1800.7025,1800.7026,1800.9866,right,0,1800.9868,1801.0874,1801.0874,1801.3045,space,0.2007,,0,33,33,252,1,0.2609,,,,,,,,,,,,,,,,,,,,,,,,,,,,,,,,,,,,,,,,,,,,,,,,,,,,,,,,,
,,,,,,,,,,,,,,,618522,001,2024-12-07_13h04.07.781,test,2024.1.4,Win32,59.52380952,674841e51ddba29a9dee134e,67546f35f927709209cd55ea,67548d8adc0c853401c11a3b,,,,,,,,,,,,,,,,,,,,,,,,,,,,,,,,,,,,,,,,,,,,,,,,,,,,,,,,,,,,,,258,block_1,,,,,,,,,,,,,,,,,,,shape_3,shape_3,shape_4,shape_2,shape_1,2,1,258,,,,,,,,,,,,,,,,,,,,,,,,,,,,,,,,,,,,,,,,,,,,,,,,,,,,,,,,,,,,,,,,,,,,,,,,,,,,,,,,,,,,,,,,,,,1801.3052,32,10,1802.8097,1802.8099,1803.0941,right,0,1803.0942,1803.1945,1803.1945,1803.3952,space,0.1883,,0,34,34,257,1,0.2607,,,,,,,,,,,,,,,,,,,,,,,,,,,,,,,,,,,,,,,,,,,,,,,,,,,,,,,,,
,,,,,,,,,,,,,,,618522,001,2024-12-07_13h04.07.781,test,2024.1.4,Win32,59.52380952,674841e51ddba29a9dee134e,67546f35f927709209cd55ea,67548d8adc0c853401c11a3b,,,,,,,,,,,,,,,,,,,,,,,,,,,,,,,,,,,,,,,,,,,,,,,,,,,,,,,,,,,,,,100,block_1,,,,,,,,,,,,,,,,,,,shape_3,shape_3,shape_3,shape_2,shape_3,1,1,100,,,,,,,,,,,,,,,,,,,,,,,,,,,,,,,,,,,,,,,,,,,,,,,,,,,,,,,,,,,,,,,,,,,,,,,,,,,,,,,,,,,,,,,,,,,1803.3958,33,9,1804.9002,1804.9004,1805.2179,right,1,1805.2179,1805.3181,1805.3182,1805.5858,space,0.2488,,0,35,35,99,1,0.2979,,,,,,,,,,,,,,,,,,,,,,,,,,,,,,,,,,,,,,,,,,,,,,,,,,,,,,,,,
,,,,,,,,,,,,,,,618522,001,2024-12-07_13h04.07.781,test,2024.1.4,Win32,59.52380952,674841e51ddba29a9dee134e,67546f35f927709209cd55ea,67548d8adc0c853401c11a3b,,,,,,,,,,,,,,,,,,,,,,,,,,,,,,,,,,,,,,,,,,,,,,,,,,,,,,,,,,,,,,129,block_1,,,,,,,,,,,,,,,,,,,shape_2,shape_4,shape_3,shape_4,shape_4,1,1,129,,,,,,,,,,,,,,,,,,,,,,,,,,,,,,,,,,,,,,,,,,,,,,,,,,,,,,,,,,,,,,,,,,,,,,,,,,,,,,,,,,,,,,,,,,,1805.5864,34,10,1807.0911,1807.0912,1807.3754,right,1,1807.3755,1807.4757,1807.4757,1807.7266,space,0.239,,0,36,36,128,1,0.2646,,,,,,,,,,,,,,,,,,,,,,,,,,,,,,,,,,,,,,,,,,,,,,,,,,,,,,,,,
,,,,,,,,,,,,,,,618522,001,2024-12-07_13h04.07.781,test,2024.1.4,Win32,59.52380952,674841e51ddba29a9dee134e,67546f35f927709209cd55ea,67548d8adc0c853401c11a3b,,,,,,,,,,,,,,,,,,,,,,,,,,,,,,,,,,,,,,,,,,,,,,,,,,,,,,,,,,,,,,58,block_1,,,,,,,,,,,,,,,,,,,shape_3,shape_2,shape_2,shape_2,shape_3,1,2,58,,,,,,,,,,,,,,,,,,,,,,,,,,,,,,,,,,,,,,,,,,,,,,,,,,,,,,,,,,,,,,,,,,,,,,,,,,,,,,,,,,,,,,,,,,,1807.7271,35,11,1809.2151,1809.2152,1809.5496,right,1,1809.5498,1809.6499,1809.6501,1809.8339,space,0.1654,,0,37,37,57,1,0.3109,,,,,,,,,,,,,,,,,,,,,,,,,,,,,,,,,,,,,,,,,,,,,,,,,,,,,,,,,
,,,,,,,,,,,,,,,618522,001,2024-12-07_13h04.07.781,test,2024.1.4,Win32,59.52380952,674841e51ddba29a9dee134e,67546f35f927709209cd55ea,67548d8adc0c853401c11a3b,,,,,,,,,,,,,,,,,,,,,,,,,,,,,,,,,,,,,,,,,,,,,,,,,,,,,,,,,,,,,,161,block_1,,,,,,,,,,,,,,,,,,,shape_2,shape_1,shape_3,shape_1,shape_1,2,2,161,,,,,,,,,,,,,,,,,,,,,,,,,,,,,,,,,,,,,,,,,,,,,,,,,,,,,,,,,,,,,,,,,,,,,,,,,,,,,,,,,,,,,,,,,,,1809.8344,36,12,1811.3225,1811.3225,1811.6064,left,1,1811.6065,1811.7069,1811.7071,1811.9411,space,0.218,,0,38,38,160,1,0.2672,,,,,,,,,,,,,,,,,,,,,,,,,,,,,,,,,,,,,,,,,,,,,,,,,,,,,,,,,
,,,,,,,,,,,,,,,618522,001,2024-12-07_13h04.07.781,test,2024.1.4,Win32,59.52380952,674841e51ddba29a9dee134e,67546f35f927709209cd55ea,67548d8adc0c853401c11a3b,,,,,,,,,,,,,,,,,,,,,,,,,,,,,,,,,,,,,,,,,,,,,,,,,,,,,,,,,,,,,,133,block_1,,,,,,,,,,,,,,,,,,,shape_3,shape_3,shape_3,shape_3,shape_3,1,1,133,,,,,,,,,,,,,,,,,,,,,,,,,,,,,,,,,,,,,,,,,,,,,,,,,,,,,,,,,,,,,,,,,,,,,,,,,,,,,,,,,,,,,,,,,,,1811.9416,37,13,1813.4462,1813.4463,1813.7137,right,1,1813.7138,1813.8142,1813.8143,1814.0484,space,0.2143,,0,39,39,132,1,0.2443,,,,,,,,,,,,,,,,,,,,,,,,,,,,,,,,,,,,,,,,,,,,,,,,,,,,,,,,,
,,,,,,,,,,,,,,,618522,001,2024-12-07_13h04.07.781,test,2024.1.4,Win32,59.52380952,674841e51ddba29a9dee134e,67546f35f927709209cd55ea,67548d8adc0c853401c11a3b,,,,,,,,,,,,,,,,,,,,,,,,,,,,,,,,,,,,,,,,,,,,,,,,,,,,,,,,,,,,,,18,block_1,,,,,,,,,,,,,,,,,,,shape_2,shape_2,shape_1,shape_4,shape_3,1,2,18,,,,,,,,,,,,,,,,,,,,,,,,,,,,,,,,,,,,,,,,,,,,,,,,,,,,,,,,,,,,,,,,,,,,,,,,,,,,,,,,,,,,,,,,,,,1814.0489,38,14,1815.5533,1815.5534,1815.8377,right,1,1815.8378,1815.9382,1815.9383,1816.1556,space,0.2054,,0,40,40,17,1,0.2646,,,,,,,,,,,,,,,,,,,,,,,,,,,,,,,,,,,,,,,,,,,,,,,,,,,,,,,,,
,,,,,,,,,,,,,,,618522,001,2024-12-07_13h04.07.781,test,2024.1.4,Win32,59.52380952,674841e51ddba29a9dee134e,67546f35f927709209cd55ea,67548d8adc0c853401c11a3b,,,,,,,,,,,,,,,,,,,,,,,,,,,,,,,,,,,,,,,,,,,,,,,,,,,,,,,,,,,,,,127,block_1,,,,,,,,,,,,,,,,,,,shape_2,shape_4,shape_3,shape_4,shape_4,1,1,127,,,,,,,,,,,,,,,,,,,,,,,,,,,,,,,,,,,,,,,,,,,,,,,,,,,,,,,,,,,,,,,,,,,,,,,,,,,,,,,,,,,,,,,,,,,1816.1561,39,15,1817.6604,1817.6605,1817.9784,right,1,1817.9785,1818.0789,1818.079,1818.3629,space,0.2645,,0,41,41,126,1,0.2983,,,,,,,,,,,,,,,,,,,,,,,,,,,,,,,,,,,,,,,,,,,,,,,,,,,,,,,,,
,,,,,,,,,,,,,,,618522,001,2024-12-07_13h04.07.781,test,2024.1.4,Win32,59.52380952,674841e51ddba29a9dee134e,67546f35f927709209cd55ea,67548d8adc0c853401c11a3b,,,,,,,,,,,,,,,,,,,,,,,,,,,,,,,,,,,,,,,,,,,,,,,,,,,,,,,,,,,,,,12,block_1,,,,,,,,,,,,,,,,,,,shape_2,shape_1,shape_2,shape_3,shape_3,1,2,12,,,,,,,,,,,,,,,,,,,,,,,,,,,,,,,,,,,,,,,,,,,,,,,,,,,,,,,,,,,,,,,,,,,,,,,,,,,,,,,,,,,,,,,,,,,1818.3637,40,16,1819.8683,1819.8683,1820.1525,left,0,1820.1526,1820.253,1820.2531,1820.487,space,0.2168,,0,42,42,11,1,0.2661,,,,,,,,,,,,,,,,,,,,,,,,,,,,,,,,,,,,,,,,,,,,,,,,,,,,,,,,,
,,,,,,,,,,,,,,,618522,001,2024-12-07_13h04.07.781,test,2024.1.4,Win32,59.52380952,674841e51ddba29a9dee134e,67546f35f927709209cd55ea,67548d8adc0c853401c11a3b,,,,,,,,,,,,,,,,,,,,,,,,,,,,,,,,,,,,,,,,,,,,,,,,,,,,,,,,,,,,,,57,block_1,,,,,,,,,,,,,,,,,,,shape_3,shape_2,shape_2,shape_2,shape_3,1,2,57,,,,,,,,,,,,,,,,,,,,,,,,,,,,,,,,,,,,,,,,,,,,,,,,,,,,,,,,,,,,,,,,,,,,,,,,,,,,,,,,,,,,,,,,,,,1820.4876,41,15,1821.9757,1821.9758,1822.3601,left,0,1822.3603,1822.4608,1822.4608,1822.6444,space,0.1702,,0,43,43,56,1,0.3649,,,,,,,,,,,,,,,,,,,,,,,,,,,,,,,,,,,,,,,,,,,,,,,,,,,,,,,,,
,,,,,,,,,,,,,,,618522,001,2024-12-07_13h04.07.781,test,2024.1.4,Win32,59.52380952,674841e51ddba29a9dee134e,67546f35f927709209cd55ea,67548d8adc0c853401c11a3b,,,,,,,,,,,,,,,,,,,,,,,,,,,,,,,,,,,,,,,,,,,,,,,,,,,,,,,,,,,,,,130,block_1,,,,,,,,,,,,,,,,,,,shape_2,shape_4,shape_3,shape_4,shape_4,1,1,130,,,,,,,,,,,,,,,,,,,,,,,,,,,,,,,,,,,,,,,,,,,,,,,,,,,,,,,,,,,,,,,,,,,,,,,,,,,,,,,,,,,,,,,,,,,1822.6451,42,14,1824.1497,1824.1498,1824.4838,right,1,1824.4839,1824.5843,1824.5843,1824.8025,space,0.2067,,0,44,44,129,1,0.3135,,,,,,,,,,,,,,,,,,,,,,,,,,,,,,,,,,,,,,,,,,,,,,,,,,,,,,,,,
,,,,,,,,,,,,,,,618522,001,2024-12-07_13h04.07.781,test,2024.1.4,Win32,59.52380952,674841e51ddba29a9dee134e,67546f35f927709209cd55ea,67548d8adc0c853401c11a3b,,,,,,,,,,,,,,,,,,,,,,,,,,,,,,,,,,,,,,,,,,,,,,,,,,,,,,,,,,,,,,238,block_1,,,,,,,,,,,,,,,,,,,shape_2,shape_3,shape_3,shape_2,shape_1,2,2,238,,,,,,,,,,,,,,,,,,,,,,,,,,,,,,,,,,,,,,,,,,,,,,,,,,,,,,,,,,,,,,,,,,,,,,,,,,,,,,,,,,,,,,,,,,,1824.803,43,15,1826.3071,1826.3072,1826.7083,left,1,1826.7083,1826.8089,1826.8089,1827.0095,space,0.1902,,0,45,45,237,1,0.3799,,,,,,,,,,,,,,,,,,,,,,,,,,,,,,,,,,,,,,,,,,,,,,,,,,,,,,,,,
,,,,,,,,,,,,,,,618522,001,2024-12-07_13h04.07.781,test,2024.1.4,Win32,59.52380952,674841e51ddba29a9dee134e,67546f35f927709209cd55ea,67548d8adc0c853401c11a3b,,,,,,,,,,,,,,,,,,,,,,,,,,,,,,,,,,,,,,,,,,,,,,,,,,,,,,,,,,,,,,92,block_1,,,,,,,,,,,,,,,,,,,shape_2,shape_3,shape_2,shape_4,shape_4,1,1,92,,,,,,,,,,,,,,,,,,,,,,,,,,,,,,,,,,,,,,,,,,,,,,,,,,,,,,,,,,,,,,,,,,,,,,,,,,,,,,,,,,,,,,,,,,,1827.01,44,16,1828.4979,1828.498,1828.8825,left,0,1828.8826,1828.9827,1828.9828,1829.3006,space,0.3015,,0,46,46,91,1,0.3666,,,,,,,,,,,,,,,,,,,,,,,,,,,,,,,,,,,,,,,,,,,,,,,,,,,,,,,,,
,,,,,,,,,,,,,,,618522,001,2024-12-07_13h04.07.781,test,2024.1.4,Win32,59.52380952,674841e51ddba29a9dee134e,67546f35f927709209cd55ea,67548d8adc0c853401c11a3b,,,,,,,,,,,,,,,,,,,,,,,,,,,,,,,,,,,,,,,,,,,,,,,,,,,,,,,,,,,,,,210,block_1,,,,,,,,,,,,,,,,,,,shape_1,shape_2,shape_2,shape_2,shape_2,2,2,210,,,,,,,,,,,,,,,,,,,,,,,,,,,,,,,,,,,,,,,,,,,,,,,,,,,,,,,,,,,,,,,,,,,,,,,,,,,,,,,,,,,,,,,,,,,1829.3012,45,15,1830.7891,1830.7893,1831.1235,left,1,1831.1235,1831.2241,1831.2242,1831.4412,space,0.2029,,0,47,47,209,1,0.3111,,,,,,,,,,,,,,,,,,,,,,,,,,,,,,,,,,,,,,,,,,,,,,,,,,,,,,,,,
,,,,,,,,,,,,,,,618522,001,2024-12-07_13h04.07.781,test,2024.1.4,Win32,59.52380952,674841e51ddba29a9dee134e,67546f35f927709209cd55ea,67548d8adc0c853401c11a3b,,,,,,,,,,,,,,,,,,,,,,,,,,,,,,,,,,,,,,,,,,,,,,,,,,,,,,,,,,,,,,93,block_1,,,,,,,,,,,,,,,,,,,shape_2,shape_3,shape_2,shape_4,shape_4,1,1,93,,,,,,,,,,,,,,,,,,,,,,,,,,,,,,,,,,,,,,,,,,,,,,,,,,,,,,,,,,,,,,,,,,,,,,,,,,,,,,,,,,,,,,,,,,,1831.4418,46,16,1832.9297,1832.9298,1833.3813,right,1,1833.3813,1833.4815,1833.4815,1833.6988,space,0.1992,,0,48,48,92,1,0.4281,,,,,,,,,,,,,,,,,,,,,,,,,,,,,,,,,,,,,,,,,,,,,,,,,,,,,,,,,
,,,,,,,,,,,,,,,618522,001,2024-12-07_13h04.07.781,test,2024.1.4,Win32,59.52380952,674841e51ddba29a9dee134e,67546f35f927709209cd55ea,67548d8adc0c853401c11a3b,,,,,,,,,,,,,,,,,,,,,,,,,,,,,,,,,,,,,,,,,,,,,,,,,,,,,,,,,,,,,,42,block_1,,,,,,,,,,,,,,,,,,,shape_3,shape_3,shape_3,shape_1,shape_3,1,1,42,,,,,,,,,,,,,,,,,,,,,,,,,,,,,,,,,,,,,,,,,,,,,,,,,,,,,,,,,,,,,,,,,,,,,,,,,,,,,,,,,,,,,,,,,,,1833.6996,47,17,1835.2041,1835.2043,1835.5553,right,1,1835.5554,1835.6557,1835.6557,1836.1241,space,0.4486,,0,49,49,41,1,0.3348,,,,,,,,,,,,,,,,,,,,,,,,,,,,,,,,,,,,,,,,,,,,,,,,,,,,,,,,,
,,,,,,,,,,,,,,,618522,001,2024-12-07_13h04.07.781,test,2024.1.4,Win32,59.52380952,674841e51ddba29a9dee134e,67546f35f927709209cd55ea,67548d8adc0c853401c11a3b,,,,,,,,,,,,,,,,,,,,,,,,,,,,,,,,,,,,,,,,,,,,,,,,,,,,,,,,,,,,,,46,block_1,,,,,,,,,,,,,,,,,,,shape_3,shape_4,shape_1,shape_3,shape_3,1,1,46,,,,,,,,,,,,,,,,,,,,,,,,,,,,,,,,,,,,,,,,,,,,,,,,,,,,,,,,,,,,,,,,,,,,,,,,,,,,,,,,,,,,,,,,,,,1836.1246,48,18,1837.6293,1837.6293,1838.064,right,1,1838.0641,1838.1645,1838.1646,1838.5826,space,0.4056,,0,50,50,45,1,0.4113,,,,,,,,,,,,,,,,,,,,,,,,,,,,,,,,,,,,,,,,,,,,,,,,,,,,,,,,,
,,,,,,,,,,,,,,,618522,001,2024-12-07_13h04.07.781,test,2024.1.4,Win32,59.52380952,674841e51ddba29a9dee134e,67546f35f927709209cd55ea,67548d8adc0c853401c11a3b,,,,,,,,,,,,,,,,,,,,,,,,,,,,,,,,,,,,,,,,,,,,,,,,,,,,,,,,,,,,,,94,block_1,,,,,,,,,,,,,,,,,,,shape_4,shape_2,shape_2,shape_4,shape_4,1,1,94,,,,,,,,,,,,,,,,,,,,,,,,,,,,,,,,,,,,,,,,,,,,,,,,,,,,,,,,,,,,,,,,,,,,,,,,,,,,,,,,,,,,,,,,,,,1838.5831,49,19,1840.0878,1840.0878,1840.3718,right,1,1840.3718,1840.4722,1840.4722,1840.7567,space,0.2638,,0,51,51,93,1,0.2687,,,,,,,,,,,,,,,,,,,,,,,,,,,,,,,,,,,,,,,,,,,,,,,,,,,,,,,,,
,,,,,,,,,,,,,,,618522,001,2024-12-07_13h04.07.781,test,2024.1.4,Win32,59.52380952,674841e51ddba29a9dee134e,67546f35f927709209cd55ea,67548d8adc0c853401c11a3b,,,,,,,,,,,,,,,,,,,,,,,,,,,,,,,,,,,,,,,,,,,,,,,,,,,,,,,,,,,,,,297,block_1,,,,,,,,,,,,,,,,,,,shape_2,shape_3,shape_3,shape_3,shape_3,2,1,297,,,,,,,,,,,,,,,,,,,,,,,,,,,,,,,,,,,,,,,,,,,,,,,,,,,,,,,,,,,,,,,,,,,,,,,,,,,,,,,,,,,,,,,,,,,1840.7572,50,20,1842.262,1842.2621,1842.5628,right,0,1842.5628,1842.6631,1842.6633,1842.9642,space,0.2783,,0,52,52,296,1,0.2775,,,,,,,,,,,,,,,,,,,,,,,,,,,,,,,,,,,,,,,,,,,,,,,,,,,,,,,,,
,,,,,,,,,,,,,,,618522,001,2024-12-07_13h04.07.781,test,2024.1.4,Win32,59.52380952,674841e51ddba29a9dee134e,67546f35f927709209cd55ea,67548d8adc0c853401c11a3b,,,,,,,,,,,,,,,,,,,,,,,,,,,,,,,,,,,,,,,,,,,,,,,,,,,,,,,,,,,,,,275,block_1,,,,,,,,,,,,,,,,,,,shape_2,shape_4,shape_2,shape_2,shape_2,2,2,275,,,,,,,,,,,,,,,,,,,,,,,,,,,,,,,,,,,,,,,,,,,,,,,,,,,,,,,,,,,,,,,,,,,,,,,,,,,,,,,,,,,,,,,,,,,1842.9647,51,19,1844.4692,1844.4693,1844.8044,right,0,1844.8044,1844.9041,1844.9041,1845.1549,space,0.2374,,0,53,53,274,1,0.3198,,,,,,,,,,,,,,,,,,,,,,,,,,,,,,,,,,,,,,,,,,,,,,,,,,,,,,,,,
,,,,,,,,,,,,,,,618522,001,2024-12-07_13h04.07.781,test,2024.1.4,Win32,59.52380952,674841e51ddba29a9dee134e,67546f35f927709209cd55ea,67548d8adc0c853401c11a3b,,,,,,,,,,,,,,,,,,,,,,,,,,,,,,,,,,,,,,,,,,,,,,,,,,,,,,,,,,,,,,246,block_1,,,,,,,,,,,,,,,,,,,shape_1,shape_2,shape_4,shape_3,shape_2,2,2,246,,,,,,,,,,,,,,,,,,,,,,,,,,,,,,,,,,,,,,,,,,,,,,,,,,,,,,,,,,,,,,,,,,,,,,,,,,,,,,,,,,,,,,,,,,,1845.1559,52,18,1846.6604,1846.6604,1846.9778,left,1,1846.9779,1847.0781,1847.0781,1847.2957,space,0.1953,,0,54,54,245,1,0.2987,,,,,,,,,,,,,,,,,,,,,,,,,,,,,,,,,,,,,,,,,,,,,,,,,,,,,,,,,
,,,,,,,,,,,,,,,618522,001,2024-12-07_13h04.07.781,test,2024.1.4,Win32,59.52380952,674841e51ddba29a9dee134e,67546f35f927709209cd55ea,67548d8adc0c853401c11a3b,,,,,,,,,,,,,,,,,,,,,,,,,,,,,,,,,,,,,,,,,,,,,,,,,,,,,,,,,,,,,,249,block_1,,,,,,,,,,,,,,,,,,,shape_1,shape_2,shape_4,shape_3,shape_2,2,2,249,,,,,,,,,,,,,,,,,,,,,,,,,,,,,,,,,,,,,,,,,,,,,,,,,,,,,,,,,,,,,,,,,,,,,,,,,,,,,,,,,,,,,,,,,,,1847.2963,53,19,1848.7842,1848.7842,1849.152,left,1,1849.1521,1849.2524,1849.2525,1849.4028,space,0.1383,,0,55,55,248,1,0.3467,,,,,,,,,,,,,,,,,,,,,,,,,,,,,,,,,,,,,,,,,,,,,,,,,,,,,,,,,
,,,,,,,,,,,,,,,618522,001,2024-12-07_13h04.07.781,test,2024.1.4,Win32,59.52380952,674841e51ddba29a9dee134e,67546f35f927709209cd55ea,67548d8adc0c853401c11a3b,,,,,,,,,,,,,,,,,,,,,,,,,,,,,,,,,,,,,,,,,,,,,,,,,,,,,,,,,,,,,,110,block_1,,,,,,,,,,,,,,,,,,,shape_3,shape_3,shape_3,shape_4,shape_2,1,1,110,,,,,,,,,,,,,,,,,,,,,,,,,,,,,,,,,,,,,,,,,,,,,,,,,,,,,,,,,,,,,,,,,,,,,,,,,,,,,,,,,,,,,,,,,,,1849.4033,54,20,1850.8912,1850.8913,1851.1589,right,1,1851.159,1851.2592,1851.2592,1851.51,space,0.239,,0,56,56,109,1,0.2474,,,,,,,,,,,,,,,,,,,,,,,,,,,,,,,,,,,,,,,,,,,,,,,,,,,,,,,,,
,,,,,,,,,,,,,,,618522,001,2024-12-07_13h04.07.781,test,2024.1.4,Win32,59.52380952,674841e51ddba29a9dee134e,67546f35f927709209cd55ea,67548d8adc0c853401c11a3b,,,,,,,,,,,,,,,,,,,,,,,,,,,,,,,,,,,,,,,,,,,,,,,,,,,,,,,,,,,,,,14,block_1,,,,,,,,,,,,,,,,,,,shape_2,shape_1,shape_2,shape_3,shape_3,1,2,14,,,,,,,,,,,,,,,,,,,,,,,,,,,,,,,,,,,,,,,,,,,,,,,,,,,,,,,,,,,,,,,,,,,,,,,,,,,,,,,,,,,,,,,,,,,1851.5106,55,21,1852.9983,1852.9984,1853.3327,left,0,1853.3328,1853.4331,1853.4331,1853.7009,space,0.2482,,0,57,57,13,1,0.3185,,,,,,,,,,,,,,,,,,,,,,,,,,,,,,,,,,,,,,,,,,,,,,,,,,,,,,,,,
,,,,,,,,,,,,,,,618522,001,2024-12-07_13h04.07.781,test,2024.1.4,Win32,59.52380952,674841e51ddba29a9dee134e,67546f35f927709209cd55ea,67548d8adc0c853401c11a3b,,,,,,,,,,,,,,,,,,,,,,,,,,,,,,,,,,,,,,,,,,,,,,,,,,,,,,,,,,,,,,155,block_1,,,,,,,,,,,,,,,,,,,shape_1,shape_1,shape_2,shape_1,shape_2,2,2,155,,,,,,,,,,,,,,,,,,,,,,,,,,,,,,,,,,,,,,,,,,,,,,,,,,,,,,,,,,,,,,,,,,,,,,,,,,,,,,,,,,,,,,,,,,,1853.7015,56,20,1855.1894,1855.1895,1855.6913,,0,1855.6914,1855.7915,1855.7915,1856.1259,space,0.316,,0,58,58,154,1,,,,,,,,,,,,,,,,,,,,,,,,,,,,,,,,,,,,,,,,,,,,,,,,,,,,,,,,,,
,,,,,,,,,,,,,,,618522,001,2024-12-07_13h04.07.781,test,2024.1.4,Win32,59.52380952,674841e51ddba29a9dee134e,67546f35f927709209cd55ea,67548d8adc0c853401c11a3b,,,,,,,,,,,,,,,,,,,,,,,,,,,,,,,,,,,,,,,,,,,,,,,,,,,,,,,,,,,,,,106,block_1,,,,,,,,,,,,,,,,,,,shape_3,shape_3,shape_3,shape_4,shape_2,1,1,106,,,,,,,,,,,,,,,,,,,,,,,,,,,,,,,,,,,,,,,,,,,,,,,,,,,,,,,,,,,,,,,,,,,,,,,,,,,,,,,,,,,,,,,,,,,1856.1265,56,20,1857.6143,1857.6143,1857.8987,right,1,1857.8988,1857.9994,1857.9994,1858.1996,space,0.1681,,0,59,59,105,1,0.2687,,,,,,,,,,,,,,,,,,,,,,,,,,,,,,,,,,,,,,,,,,,,,,,,,,,,,,,,,
,,,,,,,,,,,,,,,618522,001,2024-12-07_13h04.07.781,test,2024.1.4,Win32,59.52380952,674841e51ddba29a9dee134e,67546f35f927709209cd55ea,67548d8adc0c853401c11a3b,,,,,,,,,,,,,,,,,,,,,,,,,,,,,,,,,,,,,,,,,,,,,,,,,,,,,,,,,,,,,,214,block_1,,,,,,,,,,,,,,,,,,,shape_2,shape_3,shape_2,shape_2,shape_1,2,2,214,,,,,,,,,,,,,,,,,,,,,,,,,,,,,,,,,,,,,,,,,,,,,,,,,,,,,,,,,,,,,,,,,,,,,,,,,,,,,,,,,,,,,,,,,,,1858.2001,57,21,1859.6883,1859.6884,1859.9557,left,1,1859.9559,1860.0563,1860.0564,1860.2567,space,0.1831,,0,60,60,213,1,0.2539,,,,,,,,,,,,,,,,,,,,,,,,,,,,,,,,,,,,,,,,,,,,,,,,,,,,,,,,,
,,,,,,,,,,,,,,,618522,001,2024-12-07_13h04.07.781,test,2024.1.4,Win32,59.52380952,674841e51ddba29a9dee134e,67546f35f927709209cd55ea,67548d8adc0c853401c11a3b,,,,,,,,,,,,,,,,,,,,,,,,,,,,,,,,,,,,,,,,,,,,,,,,,,,,,,,,,,,,,,190,block_1,,,,,,,,,,,,,,,,,,,shape_1,shape_3,shape_3,shape_2,shape_1,2,2,190,,,,,,,,,,,,,,,,,,,,,,,,,,,,,,,,,,,,,,,,,,,,,,,,,,,,,,,,,,,,,,,,,,,,,,,,,,,,,,,,,,,,,,,,,,,1860.2574,58,22,1861.7616,1861.7618,1862.0796,left,1,1862.0796,1862.1803,1862.1803,1862.3639,space,0.1644,,0,61,61,189,1,0.3061,,,,,,,,,,,,,,,,,,,,,,,,,,,,,,,,,,,,,,,,,,,,,,,,,,,,,,,,,
,,,,,,,,,,,,,,,618522,001,2024-12-07_13h04.07.781,test,2024.1.4,Win32,59.52380952,674841e51ddba29a9dee134e,67546f35f927709209cd55ea,67548d8adc0c853401c11a3b,,,,,,,,,,,,,,,,,,,,,,,,,,,,,,,,,,,,,,,,,,,,,,,,,,,,,,,,,,,,,,59,block_1,,,,,,,,,,,,,,,,,,,shape_2,shape_2,shape_3,shape_2,shape_4,1,1,59,,,,,,,,,,,,,,,,,,,,,,,,,,,,,,,,,,,,,,,,,,,,,,,,,,,,,,,,,,,,,,,,,,,,,,,,,,,,,,,,,,,,,,,,,,,1862.3642,59,23,1863.8527,1863.8527,1864.1367,left,0,1864.1368,1864.2373,1864.2373,1864.4378,space,0.1775,,0,62,62,58,1,0.2629,,,,,,,,,,,,,,,,,,,,,,,,,,,,,,,,,,,,,,,,,,,,,,,,,,,,,,,,,
,,,,,,,,,,,,,,,618522,001,2024-12-07_13h04.07.781,test,2024.1.4,Win32,59.52380952,674841e51ddba29a9dee134e,67546f35f927709209cd55ea,67548d8adc0c853401c11a3b,,,,,,,,,,,,,,,,,,,,,,,,,,,,,,,,,,,,,,,,,,,,,,,,,,,,,,,,,,,,,,148,block_1,,,,,,,,,,,,,,,,,,,shape_4,shape_3,shape_3,shape_4,shape_4,1,1,148,,,,,,,,,,,,,,,,,,,,,,,,,,,,,,,,,,,,,,,,,,,,,,,,,,,,,,,,,,,,,,,,,,,,,,,,,,,,,,,,,,,,,,,,,,,1864.4383,60,22,1865.9263,1865.9264,1866.2105,right,1,1866.2106,1866.3111,1866.3112,1866.4278,space,0.0961,,0,63,63,147,1,0.2625,,,,,,,,,,,,,,,,,,,,,,,,,,,,,,,,,,,,,,,,,,,,,,,,,,,,,,,,,
,,,,,,,,,,,,,,,618522,001,2024-12-07_13h04.07.781,test,2024.1.4,Win32,59.52380952,674841e51ddba29a9dee134e,67546f35f927709209cd55ea,67548d8adc0c853401c11a3b,,,,,,,,,,,,,,,,,,,,,,,,,,,,,,,,,,,,,,,,,,,,,,,,,,,,,,,,,,,,,,2,block_1,,,,,,,,,,,,,,,,,,,shape_4,shape_2,shape_1,shape_1,shape_2,1,2,2,,,,,,,,,,,,,,,,,,,,,,,,,,,,,,,,,,,,,,,,,,,,,,,,,,,,,,,,,,,,,,,,,,,,,,,,,,,,,,,,,,,,,,,,,,,1866.4285,61,23,1867.9164,1867.9165,1868.1337,left,0,1868.1338,1868.2343,1868.2344,1868.3846,space,0.1285,,0,64,64,1,1,0.2028,,,,,,,,,,,,,,,,,,,,,,,,,,,,,,,,,,,,,,,,,,,,,,,,,,,,,,,,,
,,,,,,,,,,,,,,,618522,001,2024-12-07_13h04.07.781,test,2024.1.4,Win32,59.52380952,674841e51ddba29a9dee134e,67546f35f927709209cd55ea,67548d8adc0c853401c11a3b,,,,,,,,,,,,,,,,,,,,,,,,,,,,,,,,,,,,,,,,,,,,,,,,,,,,,,,,,,,,,,47,block_1,,,,,,,,,,,,,,,,,,,shape_4,shape_1,shape_3,shape_3,shape_4,1,1,47,,,,,,,,,,,,,,,,,,,,,,,,,,,,,,,,,,,,,,,,,,,,,,,,,,,,,,,,,,,,,,,,,,,,,,,,,,,,,,,,,,,,,,,,,,,1868.3852,62,22,1869.8733,1869.8733,1870.1909,right,1,1870.191,1870.2914,1870.2914,1870.5086,space,0.195,,0,65,65,46,1,0.2962,,,,,,,,,,,,,,,,,,,,,,,,,,,,,,,,,,,,,,,,,,,,,,,,,,,,,,,,,
,,,,,,,,,,,,,,,618522,001,2024-12-07_13h04.07.781,test,2024.1.4,Win32,59.52380952,674841e51ddba29a9dee134e,67546f35f927709209cd55ea,67548d8adc0c853401c11a3b,,,,,,,,,,,,,,,,,,,,,,,,,,,,,,,,,,,,,,,,,,,,,,,,,,,,,,,,,,,,,,204,block_1,,,,,,,,,,,,,,,,,,,shape_3,shape_3,shape_1,shape_3,shape_1,2,2,204,,,,,,,,,,,,,,,,,,,,,,,,,,,,,,,,,,,,,,,,,,,,,,,,,,,,,,,,,,,,,,,,,,,,,,,,,,,,,,,,,,,,,,,,,,,1870.5092,63,23,1871.9973,1871.9973,1872.2979,left,1,1872.298,1872.3986,1872.3987,1872.5825,space,0.1639,,0,66,66,203,1,0.2788,,,,,,,,,,,,,,,,,,,,,,,,,,,,,,,,,,,,,,,,,,,,,,,,,,,,,,,,,
,,,,,,,,,,,,,,,618522,001,2024-12-07_13h04.07.781,test,2024.1.4,Win32,59.52380952,674841e51ddba29a9dee134e,67546f35f927709209cd55ea,67548d8adc0c853401c11a3b,,,,,,,,,,,,,,,,,,,,,,,,,,,,,,,,,,,,,,,,,,,,,,,,,,,,,,,,,,,,,,71,block_1,,,,,,,,,,,,,,,,,,,shape_2,shape_3,shape_3,shape_2,shape_3,1,1,71,,,,,,,,,,,,,,,,,,,,,,,,,,,,,,,,,,,,,,,,,,,,,,,,,,,,,,,,,,,,,,,,,,,,,,,,,,,,,,,,,,,,,,,,,,,1872.583,64,24,1874.0709,1874.071,1874.3216,right,1,1874.3217,1874.4222,1874.4222,1874.6227,space,0.18,,0,67,67,70,1,0.235,,,,,,,,,,,,,,,,,,,,,,,,,,,,,,,,,,,,,,,,,,,,,,,,,,,,,,,,,
,,,,,,,,,,,,,,,618522,001,2024-12-07_13h04.07.781,test,2024.1.4,Win32,59.52380952,674841e51ddba29a9dee134e,67546f35f927709209cd55ea,67548d8adc0c853401c11a3b,,,,,,,,,,,,,,,,,,,,,,,,,,,,,,,,,,,,,,,,,,,,,,,,,,,,,,,,,,,,,,138,block_1,,,,,,,,,,,,,,,,,,,shape_4,shape_3,shape_3,shape_3,shape_3,1,1,138,,,,,,,,,,,,,,,,,,,,,,,,,,,,,,,,,,,,,,,,,,,,,,,,,,,,,,,,,,,,,,,,,,,,,,,,,,,,,,,,,,,,,,,,,,,1874.6233,65,25,1876.128,1876.128,1876.2114,right,1,1876.2116,1876.3119,1876.312,1876.596,space,0.2646,,0,68,68,137,1,0.0647,,,,,,,,,,,,,,,,,,,,,,,,,,,,,,,,,,,,,,,,,,,,,,,,,,,,,,,,,
,,,,,,,,,,,,,,,618522,001,2024-12-07_13h04.07.781,test,2024.1.4,Win32,59.52380952,674841e51ddba29a9dee134e,67546f35f927709209cd55ea,67548d8adc0c853401c11a3b,,,,,,,,,,,,,,,,,,,,,,,,,,,,,,,,,,,,,,,,,,,,,,,,,,,,,,,,,,,,,,256,block_1,,,,,,,,,,,,,,,,,,,shape_3,shape_2,shape_3,shape_1,shape_3,2,2,256,,,,,,,,,,,,,,,,,,,,,,,,,,,,,,,,,,,,,,,,,,,,,,,,,,,,,,,,,,,,,,,,,,,,,,,,,,,,,,,,,,,,,,,,,,,1876.5964,66,26,1878.0847,1878.0848,1878.3689,right,0,1878.369,1878.4692,1878.4693,1878.7032,space,0.2108,,0,69,69,255,1,0.2629,,,,,,,,,,,,,,,,,,,,,,,,,,,,,,,,,,,,,,,,,,,,,,,,,,,,,,,,,
,,,,,,,,,,,,,,,618522,001,2024-12-07_13h04.07.781,test,2024.1.4,Win32,59.52380952,674841e51ddba29a9dee134e,67546f35f927709209cd55ea,67548d8adc0c853401c11a3b,,,,,,,,,,,,,,,,,,,,,,,,,,,,,,,,,,,,,,,,,,,,,,,,,,,,,,,,,,,,,,198,block_1,,,,,,,,,,,,,,,,,,,shape_1,shape_4,shape_3,shape_2,shape_1,2,2,198,,,,,,,,,,,,,,,,,,,,,,,,,,,,,,,,,,,,,,,,,,,,,,,,,,,,,,,,,,,,,,,,,,,,,,,,,,,,,,,,,,,,,,,,,,,1878.7036,67,25,1880.1918,1880.1919,1880.4928,right,0,1880.4928,1880.5933,1880.5933,1880.911,space,0.3025,,0,70,70,197,1,0.2828,,,,,,,,,,,,,,,,,,,,,,,,,,,,,,,,,,,,,,,,,,,,,,,,,,,,,,,,,
,,,,,,,,,,,,,,,618522,001,2024-12-07_13h04.07.781,test,2024.1.4,Win32,59.52380952,674841e51ddba29a9dee134e,67546f35f927709209cd55ea,67548d8adc0c853401c11a3b,,,,,,,,,,,,,,,,,,,,,,,,,,,,,,,,,,,,,,,,,,,,,,,,,,,,,,,,,,,,,,81,block_1,,,,,,,,,,,,,,,,,,,shape_3,shape_3,shape_2,shape_2,shape_4,1,1,81,,,,,,,,,,,,,,,,,,,,,,,,,,,,,,,,,,,,,,,,,,,,,,,,,,,,,,,,,,,,,,,,,,,,,,,,,,,,,,,,,,,,,,,,,,,1880.9116,68,24,1882.3996,1882.3996,1882.7506,right,1,1882.7507,1882.8512,1882.8512,1883.1353,space,0.2617,,0,71,71,80,1,0.3275,,,,,,,,,,,,,,,,,,,,,,,,,,,,,,,,,,,,,,,,,,,,,,,,,,,,,,,,,
,,,,,,,,,,,,,,,618522,001,2024-12-07_13h04.07.781,test,2024.1.4,Win32,59.52380952,674841e51ddba29a9dee134e,67546f35f927709209cd55ea,67548d8adc0c853401c11a3b,,,,,,,,,,,,,,,,,,,,,,,,,,,,,,,,,,,,,,,,,,,,,,,,,,,,,,,,,,,,,,33,block_1,,,,,,,,,,,,,,,,,,,shape_2,shape_4,shape_3,shape_3,shape_1,1,1,33,,,,,,,,,,,,,,,,,,,,,,,,,,,,,,,,,,,,,,,,,,,,,,,,,,,,,,,,,,,,,,,,,,,,,,,,,,,,,,,,,,,,,,,,,,,1883.1358,69,25,1884.6237,1884.6238,1884.9415,right,1,1884.9416,1885.042,1885.042,1885.3929,space,0.3337,,0,72,72,32,1,0.2961,,,,,,,,,,,,,,,,,,,,,,,,,,,,,,,,,,,,,,,,,,,,,,,,,,,,,,,,,
,,,,,,,,,,,,,,,618522,001,2024-12-07_13h04.07.781,test,2024.1.4,Win32,59.52380952,674841e51ddba29a9dee134e,67546f35f927709209cd55ea,67548d8adc0c853401c11a3b,,,,,,,,,,,,,,,,,,,,,,,,,,,,,,,,,,,,,,,,,,,,,,,,,,,,,,,,,,,,,,40,block_1,,,,,,,,,,,,,,,,,,,shape_4,shape_2,shape_4,shape_4,shape_1,1,1,40,,,,,,,,,,,,,,,,,,,,,,,,,,,,,,,,,,,,,,,,,,,,,,,,,,,,,,,,,,,,,,,,,,,,,,,,,,,,,,,,,,,,,,,,,,,1885.3935,70,26,1886.8815,1886.8815,1887.0152,right,1,1887.0153,1887.1158,1887.1158,1887.5003,space,0.3646,,0,73,73,39,1,0.1103,,,,,,,,,,,,,,,,,,,,,,,,,,,,,,,,,,,,,,,,,,,,,,,,,,,,,,,,,
,,,,,,,,,,,,,,,618522,001,2024-12-07_13h04.07.781,test,2024.1.4,Win32,59.52380952,674841e51ddba29a9dee134e,67546f35f927709209cd55ea,67548d8adc0c853401c11a3b,,,,,,,,,,,,,,,,,,,,,,,,,,,,,,,,,,,,,,,,,,,,,,,,,,,,,,,,,,,,,,61,block_1,,,,,,,,,,,,,,,,,,,shape_2,shape_2,shape_3,shape_2,shape_4,1,1,61,,,,,,,,,,,,,,,,,,,,,,,,,,,,,,,,,,,,,,,,,,,,,,,,,,,,,,,,,,,,,,,,,,,,,,,,,,,,,,,,,,,,,,,,,,,1887.5008,71,27,1888.9887,1888.9888,1889.2896,right,1,1889.2897,1889.3901,1889.3901,1889.691,space,0.2816,,0,74,74,60,1,0.2805,,,,,,,,,,,,,,,,,,,,,,,,,,,,,,,,,,,,,,,,,,,,,,,,,,,,,,,,,
,,,,,,,,,,,,,,,618522,001,2024-12-07_13h04.07.781,test,2024.1.4,Win32,59.52380952,674841e51ddba29a9dee134e,67546f35f927709209cd55ea,67548d8adc0c853401c11a3b,,,,,,,,,,,,,,,,,,,,,,,,,,,,,,,,,,,,,,,,,,,,,,,,,,,,,,,,,,,,,,131,block_1,,,,,,,,,,,,,,,,,,,shape_4,shape_4,shape_4,shape_2,shape_4,1,1,131,,,,,,,,,,,,,,,,,,,,,,,,,,,,,,,,,,,,,,,,,,,,,,,,,,,,,,,,,,,,,,,,,,,,,,,,,,,,,,,,,,,,,,,,,,,1889.6916,72,28,1891.1959,1891.1961,1891.5139,right,1,1891.514,1891.6147,1891.6147,1891.8987,space,0.2643,,0,75,75,130,1,0.3067,,,,,,,,,,,,,,,,,,,,,,,,,,,,,,,,,,,,,,,,,,,,,,,,,,,,,,,,,
,,,,,,,,,,,,,,,618522,001,2024-12-07_13h04.07.781,test,2024.1.4,Win32,59.52380952,674841e51ddba29a9dee134e,67546f35f927709209cd55ea,67548d8adc0c853401c11a3b,,,,,,,,,,,,,,,,,,,,,,,,,,,,,,,,,,,,,,,,,,,,,,,,,,,,,,,,,,,,,,168,block_1,,,,,,,,,,,,,,,,,,,shape_2,shape_1,shape_2,shape_1,shape_2,2,2,168,,,,,,,,,,,,,,,,,,,,,,,,,,,,,,,,,,,,,,,,,,,,,,,,,,,,,,,,,,,,,,,,,,,,,,,,,,,,,,,,,,,,,,,,,,,1891.8994,73,29,1893.4041,1893.4041,1893.6547,left,1,1893.6548,1893.7551,1893.7552,1894.0391,space,0.2638,,0,76,76,167,1,0.2312,,,,,,,,,,,,,,,,,,,,,,,,,,,,,,,,,,,,,,,,,,,,,,,,,,,,,,,,,
,,,,,,,,,,,,,,,618522,001,2024-12-07_13h04.07.781,test,2024.1.4,Win32,59.52380952,674841e51ddba29a9dee134e,67546f35f927709209cd55ea,67548d8adc0c853401c11a3b,,,,,,,,,,,,,,,,,,,,,,,,,,,,,,,,,,,,,,,,,,,,,,,,,,,,,,,,,,,,,,154,block_1,,,,,,,,,,,,,,,,,,,shape_1,shape_1,shape_2,shape_1,shape_2,2,2,154,,,,,,,,,,,,,,,,,,,,,,,,,,,,,,,,,,,,,,,,,,,,,,,,,,,,,,,,,,,,,,,,,,,,,,,,,,,,,,,,,,,,,,,,,,,1894.0395,74,30,1895.5278,1895.5279,1895.6947,left,1,1895.6948,1895.7952,1895.7954,1896.1299,space,0.3238,,0,77,77,153,1,0.1436,,,,,,,,,,,,,,,,,,,,,,,,,,,,,,,,,,,,,,,,,,,,,,,,,,,,,,,,,
,,,,,,,,,,,,,,,618522,001,2024-12-07_13h04.07.781,test,2024.1.4,Win32,59.52380952,674841e51ddba29a9dee134e,67546f35f927709209cd55ea,67548d8adc0c853401c11a3b,,,,,,,,,,,,,,,,,,,,,,,,,,,,,,,,,,,,,,,,,,,,,,,,,,,,,,,,,,,,,,11,block_1,,,,,,,,,,,,,,,,,,,shape_2,shape_2,shape_1,shape_2,shape_4,1,2,11,,,,,,,,,,,,,,,,,,,,,,,,,,,,,,,,,,,,,,,,,,,,,,,,,,,,,,,,,,,,,,,,,,,,,,,,,,,,,,,,,,,,,,,,,,,1896.1306,75,31,1897.6352,1897.6352,1898.1369,,0,1898.137,1898.2369,1898.2371,1898.5716,space,0.3156,,0,78,78,10,1,,,,,,,,,,,,,,,,,,,,,,,,,,,,,,,,,,,,,,,,,,,,,,,,,,,,,,,,,,
,,,,,,,,,,,,,,,618522,001,2024-12-07_13h04.07.781,test,2024.1.4,Win32,59.52380952,674841e51ddba29a9dee134e,67546f35f927709209cd55ea,67548d8adc0c853401c11a3b,,,,,,,,,,,,,,,,,,,,,,,,,,,,,,,,,,,,,,,,,,,,,,,,,,,,,,,,,,,,,,222,block_1,,,,,,,,,,,,,,,,,,,shape_2,shape_3,shape_2,shape_2,shape_1,2,2,222,,,,,,,,,,,,,,,,,,,,,,,,,,,,,,,,,,,,,,,,,,,,,,,,,,,,,,,,,,,,,,,,,,,,,,,,,,,,,,,,,,,,,,,,,,,1898.5723,75,31,1900.0768,1900.0769,1900.1937,left,1,1900.1937,1900.2941,1900.2942,1900.6461,space,0.3273,,0,79,79,221,1,0.1016,,,,,,,,,,,,,,,,,,,,,,,,,,,,,,,,,,,,,,,,,,,,,,,,,,,,,,,,,
,,,,,,,,,,,,,,,618522,001,2024-12-07_13h04.07.781,test,2024.1.4,Win32,59.52380952,674841e51ddba29a9dee134e,67546f35f927709209cd55ea,67548d8adc0c853401c11a3b,,,,,,,,,,,,,,,,,,,,,,,,,,,,,,,,,,,,,,,,,,,,,,,,,,,,,,,,,,,,,,64,block_1,,,,,,,,,,,,,,,,,,,shape_2,shape_4,shape_2,shape_2,shape_4,1,1,64,,,,,,,,,,,,,,,,,,,,,,,,,,,,,,,,,,,,,,,,,,,,,,,,,,,,,,,,,,,,,,,,,,,,,,,,,,,,,,,,,,,,,,,,,,,1900.6466,76,32,1902.1506,1902.1506,1902.3512,right,1,1902.3512,1902.4515,1902.4517,1902.7859,space,0.3197,,0,80,80,63,1,0.1821,,,,,,,,,,,,,,,,,,,,,,,,,,,,,,,,,,,,,,,,,,,,,,,,,,,,,,,,,
,,,,,,,,,,,,,,,618522,001,2024-12-07_13h04.07.781,test,2024.1.4,Win32,59.52380952,674841e51ddba29a9dee134e,67546f35f927709209cd55ea,67548d8adc0c853401c11a3b,,,,,,,,,,,,,,,,,,,,,,,,,,,,,,,,,,,,,,,,,,,,,,,,,,,,,,,,,,,,,,49,block_1,,,,,,,,,,,,,,,,,,,shape_4,shape_1,shape_3,shape_3,shape_4,1,1,49,,,,,,,,,,,,,,,,,,,,,,,,,,,,,,,,,,,,,,,,,,,,,,,,,,,,,,,,,,,,,,,,,,,,,,,,,,,,,,,,,,,,,,,,,,,1902.7866,77,33,1904.2912,1904.2913,1904.7929,,0,1904.7931,1904.8933,1904.8934,1905.1107,space,0.2,,0,81,81,48,1,,,,,,,,,,,,,,,,,,,,,,,,,,,,,,,,,,,,,,,,,,,,,,,,,,,,,,,,,,
,,,,,,,,,,,,,,,618522,001,2024-12-07_13h04.07.781,test,2024.1.4,Win32,59.52380952,674841e51ddba29a9dee134e,67546f35f927709209cd55ea,67548d8adc0c853401c11a3b,,,,,,,,,,,,,,,,,,,,,,,,,,,,,,,,,,,,,,,,,,,,,,,,,,,,,,,,,,,,,,112,block_1,,,,,,,,,,,,,,,,,,,shape_3,shape_3,shape_3,shape_4,shape_2,1,1,112,,,,,,,,,,,,,,,,,,,,,,,,,,,,,,,,,,,,,,,,,,,,,,,,,,,,,,,,,,,,,,,,,,,,,,,,,,,,,,,,,,,,,,,,,,,1905.1113,77,33,1906.6158,1906.6158,1906.9167,right,1,1906.9168,1907.0172,1907.0172,1907.2849,space,0.2387,,0,82,82,111,1,0.2913,,,,,,,,,,,,,,,,,,,,,,,,,,,,,,,,,,,,,,,,,,,,,,,,,,,,,,,,,
,,,,,,,,,,,,,,,618522,001,2024-12-07_13h04.07.781,test,2024.1.4,Win32,59.52380952,674841e51ddba29a9dee134e,67546f35f927709209cd55ea,67548d8adc0c853401c11a3b,,,,,,,,,,,,,,,,,,,,,,,,,,,,,,,,,,,,,,,,,,,,,,,,,,,,,,,,,,,,,,289,block_1,,,,,,,,,,,,,,,,,,,shape_2,shape_3,shape_3,shape_3,shape_2,2,1,289,,,,,,,,,,,,,,,,,,,,,,,,,,,,,,,,,,,,,,,,,,,,,,,,,,,,,,,,,,,,,,,,,,,,,,,,,,,,,,,,,,,,,,,,,,,1907.2855,78,34,1908.7899,1908.79,1909.0574,right,0,1909.0575,1909.1577,1909.1577,1909.4923,space,0.3167,,0,83,83,288,1,0.2517,,,,,,,,,,,,,,,,,,,,,,,,,,,,,,,,,,,,,,,,,,,,,,,,,,,,,,,,,
,,,,,,,,,,,,,,,618522,001,2024-12-07_13h04.07.781,test,2024.1.4,Win32,59.52380952,674841e51ddba29a9dee134e,67546f35f927709209cd55ea,67548d8adc0c853401c11a3b,,,,,,,,,,,,,,,,,,,,,,,,,,,,,,,,,,,,,,,,,,,,,,,,,,,,,,,,,,,,,,145,block_1,,,,,,,,,,,,,,,,,,,shape_3,shape_4,shape_4,shape_3,shape_3,1,1,145,,,,,,,,,,,,,,,,,,,,,,,,,,,,,,,,,,,,,,,,,,,,,,,,,,,,,,,,,,,,,,,,,,,,,,,,,,,,,,,,,,,,,,,,,,,1909.4928,79,33,1910.9807,1910.9807,1911.1146,right,1,1911.1146,1911.2152,1911.2152,1911.5495,space,0.3113,,0,84,84,144,1,0.1125,,,,,,,,,,,,,,,,,,,,,,,,,,,,,,,,,,,,,,,,,,,,,,,,,,,,,,,,,
,,,,,,,,,,,,,,,618522,001,2024-12-07_13h04.07.781,test,2024.1.4,Win32,59.52380952,674841e51ddba29a9dee134e,67546f35f927709209cd55ea,67548d8adc0c853401c11a3b,,,,,,,,,,,,,,,,,,,,,,,,,,,,,,,,,,,,,,,,,,,,,,,,,,,,,,,,,,,,,,147,block_1,,,,,,,,,,,,,,,,,,,shape_4,shape_3,shape_3,shape_4,shape_4,1,1,147,,,,,,,,,,,,,,,,,,,,,,,,,,,,,,,,,,,,,,,,,,,,,,,,,,,,,,,,,,,,,,,,,,,,,,,,,,,,,,,,,,,,,,,,,,,1911.5501,80,34,1913.0548,1913.0549,1913.3221,right,1,1913.3221,1913.4224,1913.4224,1913.6231,space,0.1832,,0,85,85,146,1,0.2477,,,,,,,,,,,,,,,,,,,,,,,,,,,,,,,,,,,,,,,,,,,,,,,,,,,,,,,,,
,,,,,,,,,,,,,,,618522,001,2024-12-07_13h04.07.781,test,2024.1.4,Win32,59.52380952,674841e51ddba29a9dee134e,67546f35f927709209cd55ea,67548d8adc0c853401c11a3b,,,,,,,,,,,,,,,,,,,,,,,,,,,,,,,,,,,,,,,,,,,,,,,,,,,,,,,,,,,,,,239,block_1,,,,,,,,,,,,,,,,,,,shape_2,shape_3,shape_3,shape_2,shape_1,2,2,239,,,,,,,,,,,,,,,,,,,,,,,,,,,,,,,,,,,,,,,,,,,,,,,,,,,,,,,,,,,,,,,,,,,,,,,,,,,,,,,,,,,,,,,,,,,1913.6236,81,35,1915.1116,1915.1118,1915.4962,right,0,1915.4963,1915.5965,1915.5965,1915.7973,space,0.1816,,0,86,86,238,1,0.3611,,,,,,,,,,,,,,,,,,,,,,,,,,,,,,,,,,,,,,,,,,,,,,,,,,,,,,,,,
,,,,,,,,,,,,,,,618522,001,2024-12-07_13h04.07.781,test,2024.1.4,Win32,59.52380952,674841e51ddba29a9dee134e,67546f35f927709209cd55ea,67548d8adc0c853401c11a3b,,,,,,,,,,,,,,,,,,,,,,,,,,,,,,,,,,,,,,,,,,,,,,,,,,,,,,,,,,,,,,274,block_1,,,,,,,,,,,,,,,,,,,shape_2,shape_4,shape_2,shape_2,shape_2,2,2,274,,,,,,,,,,,,,,,,,,,,,,,,,,,,,,,,,,,,,,,,,,,,,,,,,,,,,,,,,,,,,,,,,,,,,,,,,,,,,,,,,,,,,,,,,,,1915.7979,82,34,1917.3024,1917.3026,1917.5698,right,0,1917.5698,1917.6704,1917.6705,1917.8554,space,0.1729,,0,87,87,273,1,0.2468,,,,,,,,,,,,,,,,,,,,,,,,,,,,,,,,,,,,,,,,,,,,,,,,,,,,,,,,,
,,,,,,,,,,,,,,,618522,001,2024-12-07_13h04.07.781,test,2024.1.4,Win32,59.52380952,674841e51ddba29a9dee134e,67546f35f927709209cd55ea,67548d8adc0c853401c11a3b,,,,,,,,,,,,,,,,,,,,,,,,,,,,,,,,,,,,,,,,,,,,,,,,,,,,,,,,,,,,,,160,block_1,,,,,,,,,,,,,,,,,,,shape_2,shape_1,shape_3,shape_1,shape_1,2,2,160,,,,,,,,,,,,,,,,,,,,,,,,,,,,,,,,,,,,,,,,,,,,,,,,,,,,,,,,,,,,,,,,,,,,,,,,,,,,,,,,,,,,,,,,,,,1917.8558,83,33,1919.3596,1919.3597,1919.6272,left,1,1919.6273,1919.7274,1919.7274,1919.8782,space,0.1401,,0,88,88,159,1,0.2526,,,,,,,,,,,,,,,,,,,,,,,,,,,,,,,,,,,,,,,,,,,,,,,,,,,,,,,,,
,,,,,,,,,,,,,,,618522,001,2024-12-07_13h04.07.781,test,2024.1.4,Win32,59.52380952,674841e51ddba29a9dee134e,67546f35f927709209cd55ea,67548d8adc0c853401c11a3b,,,,,,,,,,,,,,,,,,,,,,,,,,,,,,,,,,,,,,,,,,,,,,,,,,,,,,,,,,,,,,278,block_1,,,,,,,,,,,,,,,,,,,shape_2,shape_3,shape_2,shape_2,shape_3,2,2,278,,,,,,,,,,,,,,,,,,,,,,,,,,,,,,,,,,,,,,,,,,,,,,,,,,,,,,,,,,,,,,,,,,,,,,,,,,,,,,,,,,,,,,,,,,,1919.8786,84,34,1921.3832,1921.3833,1921.7175,left,1,1921.7176,1921.8181,1921.8182,1922.0354,space,0.197,,0,89,89,277,1,0.3124,,,,,,,,,,,,,,,,,,,,,,,,,,,,,,,,,,,,,,,,,,,,,,,,,,,,,,,,,
,,,,,,,,,,,,,,,618522,001,2024-12-07_13h04.07.781,test,2024.1.4,Win32,59.52380952,674841e51ddba29a9dee134e,67546f35f927709209cd55ea,67548d8adc0c853401c11a3b,,,,,,,,,,,,,,,,,,,,,,,,,,,,,,,,,,,,,,,,,,,,,,,,,,,,,,,,,,,,,,76,block_1,,,,,,,,,,,,,,,,,,,shape_3,shape_3,shape_2,shape_2,shape_4,1,1,76,,,,,,,,,,,,,,,,,,,,,,,,,,,,,,,,,,,,,,,,,,,,,,,,,,,,,,,,,,,,,,,,,,,,,,,,,,,,,,,,,,,,,,,,,,,1922.036,85,35,1923.5406,1923.5407,1923.8081,left,0,1923.8081,1923.9085,1923.9086,1924.0924,space,0.1651,,0,90,90,75,1,0.2472,,,,,,,,,,,,,,,,,,,,,,,,,,,,,,,,,,,,,,,,,,,,,,,,,,,,,,,,,
,,,,,,,,,,,,,,,618522,001,2024-12-07_13h04.07.781,test,2024.1.4,Win32,59.52380952,674841e51ddba29a9dee134e,67546f35f927709209cd55ea,67548d8adc0c853401c11a3b,,,,,,,,,,,,,,,,,,,,,,,,,,,,,,,,,,,,,,,,,,,,,,,,,,,,,,,,,,,,,,54,block_1,,,,,,,,,,,,,,,,,,,shape_2,shape_2,shape_4,shape_2,shape_2,1,2,54,,,,,,,,,,,,,,,,,,,,,,,,,,,,,,,,,,,,,,,,,,,,,,,,,,,,,,,,,,,,,,,,,,,,,,,,,,,,,,,,,,,,,,,,,,,1924.093,86,34,1925.581,1925.581,1926.0155,right,1,1926.0155,1926.1156,1926.1156,1926.2668,space,0.1418,,0,91,91,53,1,0.4111,,,,,,,,,,,,,,,,,,,,,,,,,,,,,,,,,,,,,,,,,,,,,,,,,,,,,,,,,
,,,,,,,,,,,,,,,618522,001,2024-12-07_13h04.07.781,test,2024.1.4,Win32,59.52380952,674841e51ddba29a9dee134e,67546f35f927709209cd55ea,67548d8adc0c853401c11a3b,,,,,,,,,,,,,,,,,,,,,,,,,,,,,,,,,,,,,,,,,,,,,,,,,,,,,,,,,,,,,,140,block_1,,,,,,,,,,,,,,,,,,,shape_3,shape_4,shape_4,shape_3,shape_3,1,1,140,,,,,,,,,,,,,,,,,,,,,,,,,,,,,,,,,,,,,,,,,,,,,,,,,,,,,,,,,,,,,,,,,,,,,,,,,,,,,,,,,,,,,,,,,,,1926.2672,87,35,1927.772,1927.7721,1928.1396,right,1,1928.1397,1928.2399,1928.2401,1928.6417,space,0.3823,,0,92,92,139,1,0.3436,,,,,,,,,,,,,,,,,,,,,,,,,,,,,,,,,,,,,,,,,,,,,,,,,,,,,,,,,
,,,,,,,,,,,,,,,618522,001,2024-12-07_13h04.07.781,test,2024.1.4,Win32,59.52380952,674841e51ddba29a9dee134e,67546f35f927709209cd55ea,67548d8adc0c853401c11a3b,,,,,,,,,,,,,,,,,,,,,,,,,,,,,,,,,,,,,,,,,,,,,,,,,,,,,,,,,,,,,,113,block_1,,,,,,,,,,,,,,,,,,,shape_3,shape_3,shape_3,shape_4,shape_2,1,1,113,,,,,,,,,,,,,,,,,,,,,,,,,,,,,,,,,,,,,,,,,,,,,,,,,,,,,,,,,,,,,,,,,,,,,,,,,,,,,,,,,,,,,,,,,,,1928.6422,88,36,1930.1461,1930.1462,1930.3135,right,1,1930.3135,1930.4138,1930.4138,1930.7483,space,0.3163,,0,93,93,112,1,0.1541,,,,,,,,,,,,,,,,,,,,,,,,,,,,,,,,,,,,,,,,,,,,,,,,,,,,,,,,,
,,,,,,,,,,,,,,,618522,001,2024-12-07_13h04.07.781,test,2024.1.4,Win32,59.52380952,674841e51ddba29a9dee134e,67546f35f927709209cd55ea,67548d8adc0c853401c11a3b,,,,,,,,,,,,,,,,,,,,,,,,,,,,,,,,,,,,,,,,,,,,,,,,,,,,,,,,,,,,,,176,block_1,,,,,,,,,,,,,,,,,,,shape_1,shape_1,shape_3,shape_2,shape_2,2,2,176,,,,,,,,,,,,,,,,,,,,,,,,,,,,,,,,,,,,,,,,,,,,,,,,,,,,,,,,,,,,,,,,,,,,,,,,,,,,,,,,,,,,,,,,,,,1930.7487,89,37,1932.2372,1932.2372,1932.7389,,0,1932.7389,1932.8391,1932.8392,1933.2068,space,0.3564,,0,94,94,175,1,,,,,,,,,,,,,,,,,,,,,,,,,,,,,,,,,,,,,,,,,,,,,,,,,,,,,,,,,,
,,,,,,,,,,,,,,,618522,001,2024-12-07_13h04.07.781,test,2024.1.4,Win32,59.52380952,674841e51ddba29a9dee134e,67546f35f927709209cd55ea,67548d8adc0c853401c11a3b,,,,,,,,,,,,,,,,,,,,,,,,,,,,,,,,,,,,,,,,,,,,,,,,,,,,,,,,,,,,,,227,block_1,,,,,,,,,,,,,,,,,,,shape_2,shape_1,shape_4,shape_2,shape_2,2,2,227,,,,,,,,,,,,,,,,,,,,,,,,,,,,,,,,,,,,,,,,,,,,,,,,,,,,,,,,,,,,,,,,,,,,,,,,,,,,,,,,,,,,,,,,,,,1933.2072,89,37,1934.6954,1934.6955,1934.9296,left,1,1934.9296,1935.03,1935.0301,1936.05,space,0.9904,,0,95,95,226,1,0.2187,,,,,,,,,,,,,,,,,,,,,,,,,,,,,,,,,,,,,,,,,,,,,,,,,,,,,,,,,
,,,,,,,,,,,,,,,618522,001,2024-12-07_13h04.07.781,test,2024.1.4,Win32,59.52380952,674841e51ddba29a9dee134e,67546f35f927709209cd55ea,67548d8adc0c853401c11a3b,,,,,,,,,,,,,,,,,,,,,,,,,,,,,,,,,,,,,,,,,,,,,,,,,,,,,,,,,,,,,,300,block_1,,,,,,,,,,,,,,,,,,,shape_2,shape_4,shape_4,shape_3,shape_3,2,1,300,,,,,,,,,,,,,,,,,,,,,,,,,,,,,,,,,,,,,,,,,,,,,,,,,,,,,,,,,,,,,,,,,,,,,,,,,,,,,,,,,,,,,,,,,,,1936.0506,90,38,1937.5382,1937.5383,1937.8059,right,0,1937.8059,1937.9062,1937.9063,1938.2239,space,0.2989,,0,96,96,299,1,0.2487,,,,,,,,,,,,,,,,,,,,,,,,,,,,,,,,,,,,,,,,,,,,,,,,,,,,,,,,,
,,,,,,,,,,,,,,,618522,001,2024-12-07_13h04.07.781,test,2024.1.4,Win32,59.52380952,674841e51ddba29a9dee134e,67546f35f927709209cd55ea,67548d8adc0c853401c11a3b,,,,,,,,,,,,,,,,,,,,,,,,,,,,,,,,,,,,,,,,,,,,,,,,,,,,,,,,,,,,,,95,block_1,,,,,,,,,,,,,,,,,,,shape_4,shape_2,shape_2,shape_4,shape_4,1,1,95,,,,,,,,,,,,,,,,,,,,,,,,,,,,,,,,,,,,,,,,,,,,,,,,,,,,,,,,,,,,,,,,,,,,,,,,,,,,,,,,,,,,,,,,,,,1938.2243,91,37,1939.7127,1939.7127,1939.8296,right,1,1939.8298,1939.9299,1939.93,1940.298,space,0.3502,,0,97,97,94,1,0.0999,,,,,,,,,,,,,,,,,,,,,,,,,,,,,,,,,,,,,,,,,,,,,,,,,,,,,,,,,
,,,,,,,,,,,,,,,618522,001,2024-12-07_13h04.07.781,test,2024.1.4,Win32,59.52380952,674841e51ddba29a9dee134e,67546f35f927709209cd55ea,67548d8adc0c853401c11a3b,,,,,,,,,,,,,,,,,,,,,,,,,,,,,,,,,,,,,,,,,,,,,,,,,,,,,,,,,,,,,,22,block_1,,,,,,,,,,,,,,,,,,,shape_2,shape_4,shape_1,shape_2,shape_4,1,1,22,,,,,,,,,,,,,,,,,,,,,,,,,,,,,,,,,,,,,,,,,,,,,,,,,,,,,,,,,,,,,,,,,,,,,,,,,,,,,,,,,,,,,,,,,,,1940.2986,92,38,1941.7862,1941.7862,1942.0706,right,1,1942.0706,1942.1713,1942.1714,1942.5724,space,0.3879,,0,98,98,21,1,0.2702,,,,,,,,,,,,,,,,,,,,,,,,,,,,,,,,,,,,,,,,,,,,,,,,,,,,,,,,,
,,,,,,,,,,,,,,,618522,001,2024-12-07_13h04.07.781,test,2024.1.4,Win32,59.52380952,674841e51ddba29a9dee134e,67546f35f927709209cd55ea,67548d8adc0c853401c11a3b,,,,,,,,,,,,,,,,,,,,,,,,,,,,,,,,,,,,,,,,,,,,,,,,,,,,,,,,,,,,,,285,block_1,,,,,,,,,,,,,,,,,,,shape_2,shape_2,shape_3,shape_4,shape_2,2,1,285,,,,,,,,,,,,,,,,,,,,,,,,,,,,,,,,,,,,,,,,,,,,,,,,,,,,,,,,,,,,,,,,,,,,,,,,,,,,,,,,,,,,,,,,,,,1942.5731,93,39,1944.0777,1944.0778,1944.3954,left,1,1944.3955,1944.4957,1944.4958,1944.7799,space,0.2681,,0,99,99,284,1,0.2996,,,,,,,,,,,,,,,,,,,,,,,,,,,,,,,,,,,,,,,,,,,,,,,,,,,,,,,,,
,,,,,,,,,,,,,,,618522,001,2024-12-07_13h04.07.781,test,2024.1.4,Win32,59.52380952,674841e51ddba29a9dee134e,67546f35f927709209cd55ea,67548d8adc0c853401c11a3b,,,,,,,,,,,,,,,,,,,,,,,,,,,,,,,,,,,,,,,,,,,,,,,,,,,,,,,,,,,,,,291,block_1,,,,,,,,,,,,,,,,,,,shape_2,shape_3,shape_3,shape_3,shape_2,2,1,291,,,,,,,,,,,,,,,,,,,,,,,,,,,,,,,,,,,,,,,,,,,,,,,,,,,,,,,,,,,,,,,,,,,,,,,,,,,,,,,,,,,,,,,,,,,1944.7805,94,40,1946.2683,1946.2684,1946.5526,right,0,1946.5527,1946.6533,1946.6533,1947.0551,space,0.3875,,0,100,100,290,1,0.2634,,,,,,,,,,,,,,,,,,,,,,,,,,,,,,,,,,,,,,,,,,,,,,,,,,,,,,,,,
,,,,,,,,,,,,,,,618522,001,2024-12-07_13h04.07.781,test,2024.1.4,Win32,59.52380952,674841e51ddba29a9dee134e,67546f35f927709209cd55ea,67548d8adc0c853401c11a3b,,,,,,,,,,,,,,,,,,,,,,,,,,,,,,,,,,,,,,,,,,,,,,,,,,,,,,,,,,,,,,219,block_1,,,,,,,,,,,,,,,,,,,shape_2,shape_3,shape_2,shape_2,shape_1,2,2,219,,,,,,,,,,,,,,,,,,,,,,,,,,,,,,,,,,,,,,,,,,,,,,,,,,,,,,,,,,,,,,,,,,,,,,,,,,,,,,,,,,,,,,,,,,,1947.0557,95,39,1948.5599,1948.56,1948.9443,left,1,1948.9444,1949.0447,1949.0447,1949.3791,space,0.3124,,0,101,101,218,1,0.3674,,,,,,,,,,,,,,,,,,,,,,,,,,,,,,,,,,,,,,,,,,,,,,,,,,,,,,,,,
,,,,,,,,,,,,,,,618522,001,2024-12-07_13h04.07.781,test,2024.1.4,Win32,59.52380952,674841e51ddba29a9dee134e,67546f35f927709209cd55ea,67548d8adc0c853401c11a3b,,,,,,,,,,,,,,,,,,,,,,,,,,,,,,,,,,,,,,,,,,,,,,,,,,,,,,,,,,,,,,224,block_1,,,,,,,,,,,,,,,,,,,shape_2,shape_3,shape_2,shape_2,shape_1,2,2,224,,,,,,,,,,,,,,,,,,,,,,,,,,,,,,,,,,,,,,,,,,,,,,,,,,,,,,,,,,,,,,,,,,,,,,,,,,,,,,,,,,,,,,,,,,,1949.3797,96,40,1950.8678,1950.8679,1951.3024,left,1,1951.3025,1951.4025,1951.4026,1951.6704,space,0.251,,0,102,102,223,1,0.4123,,,,,,,,,,,,,,,,,,,,,,,,,,,,,,,,,,,,,,,,,,,,,,,,,,,,,,,,,
,,,,,,,,,,,,,,,618522,001,2024-12-07_13h04.07.781,test,2024.1.4,Win32,59.52380952,674841e51ddba29a9dee134e,67546f35f927709209cd55ea,67548d8adc0c853401c11a3b,,,,,,,,,,,,,,,,,,,,,,,,,,,,,,,,,,,,,,,,,,,,,,,,,,,,,,,,,,,,,,296,block_1,,,,,,,,,,,,,,,,,,,shape_4,shape_2,shape_2,shape_4,shape_3,2,1,296,,,,,,,,,,,,,,,,,,,,,,,,,,,,,,,,,,,,,,,,,,,,,,,,,,,,,,,,,,,,,,,,,,,,,,,,,,,,,,,,,,,,,,,,,,,1951.6709,97,41,1953.1588,1953.159,1953.4933,right,0,1953.4933,1953.5935,1953.5935,1953.9114,space,0.2956,,0,103,103,295,1,0.312,,,,,,,,,,,,,,,,,,,,,,,,,,,,,,,,,,,,,,,,,,,,,,,,,,,,,,,,,
,,,,,,,,,,,,,,,618522,001,2024-12-07_13h04.07.781,test,2024.1.4,Win32,59.52380952,674841e51ddba29a9dee134e,67546f35f927709209cd55ea,67548d8adc0c853401c11a3b,,,,,,,,,,,,,,,,,,,,,,,,,,,,,,,,,,,,,,,,,,,,,,,,,,,,,,,,,,,,,,179,block_1,,,,,,,,,,,,,,,,,,,shape_1,shape_1,shape_3,shape_2,shape_2,2,2,179,,,,,,,,,,,,,,,,,,,,,,,,,,,,,,,,,,,,,,,,,,,,,,,,,,,,,,,,,,,,,,,,,,,,,,,,,,,,,,,,,,,,,,,,,,,1953.912,98,40,1955.4167,1955.4168,1955.9015,left,1,1955.9015,1956.0021,1956.0022,1956.2368,space,0.2205,,0,104,104,178,1,0.4642,,,,,,,,,,,,,,,,,,,,,,,,,,,,,,,,,,,,,,,,,,,,,,,,,,,,,,,,,
,,,,,,,,,,,,,,,618522,001,2024-12-07_13h04.07.781,test,2024.1.4,Win32,59.52380952,674841e51ddba29a9dee134e,67546f35f927709209cd55ea,67548d8adc0c853401c11a3b,,,,,,,,,,,,,,,,,,,,,,,,,,,,,,,,,,,,,,,,,,,,,,,,,,,,,,,,,,,,,,191,block_1,,,,,,,,,,,,,,,,,,,shape_1,shape_3,shape_3,shape_2,shape_1,2,2,191,,,,,,,,,,,,,,,,,,,,,,,,,,,,,,,,,,,,,,,,,,,,,,,,,,,,,,,,,,,,,,,,,,,,,,,,,,,,,,,,,,,,,,,,,,,1956.2373,99,41,1957.7412,1957.7413,1958.2092,left,1,1958.2093,1958.3097,1958.3097,1958.5274,space,0.2075,,0,105,105,190,1,0.4458,,,,,,,,,,,,,,,,,,,,,,,,,,,,,,,,,,,,,,,,,,,,,,,,,,,,,,,,,
,,,,,,,,,,,,,,,618522,001,2024-12-07_13h04.07.781,test,2024.1.4,Win32,59.52380952,674841e51ddba29a9dee134e,67546f35f927709209cd55ea,67548d8adc0c853401c11a3b,,,,,,,,,,,,,,,,,,,,,,,,,,,,,,,,,,,,,,,,,,,,,,,,,,,,,,,,,,,,,,242,block_1,,,,,,,,,,,,,,,,,,,shape_2,shape_3,shape_3,shape_2,shape_1,2,2,242,,,,,,,,,,,,,,,,,,,,,,,,,,,,,,,,,,,,,,,,,,,,,,,,,,,,,,,,,,,,,,,,,,,,,,,,,,,,,,,,,,,,,,,,,,,1958.5278,100,42,1960.0158,1960.0158,1960.467,left,1,1960.4671,1960.5678,1960.5678,1960.8852,space,0.2966,,0,106,106,241,1,0.4367,,,,,,,,,,,,,,,,,,,,,,,,,,,,,,,,,,,,,,,,,,,,,,,,,,,,,,,,,
,,,,,,,,,,,,,,,618522,001,2024-12-07_13h04.07.781,test,2024.1.4,Win32,59.52380952,674841e51ddba29a9dee134e,67546f35f927709209cd55ea,67548d8adc0c853401c11a3b,,,,,,,,,,,,,,,,,,,,,,,,,,,,,,,,,,,,,,,,,,,,,,,,,,,,,,,,,,,,,,26,block_1,,,,,,,,,,,,,,,,,,,shape_3,shape_2,shape_3,shape_3,shape_1,1,2,26,,,,,,,,,,,,,,,,,,,,,,,,,,,,,,,,,,,,,,,,,,,,,,,,,,,,,,,,,,,,,,,,,,,,,,,,,,,,,,,,,,,,,,,,,,,1960.8858,101,43,1962.3738,1962.374,1962.7082,left,0,1962.7083,1962.8087,1962.8089,1963.1262,space,0.2957,,0,107,107,25,1,0.3121,,,,,,,,,,,,,,,,,,,,,,,,,,,,,,,,,,,,,,,,,,,,,,,,,,,,,,,,,
,,,,,,,,,,,,,,,618522,001,2024-12-07_13h04.07.781,test,2024.1.4,Win32,59.52380952,674841e51ddba29a9dee134e,67546f35f927709209cd55ea,67548d8adc0c853401c11a3b,,,,,,,,,,,,,,,,,,,,,,,,,,,,,,,,,,,,,,,,,,,,,,,,,,,,,,,,,,,,,,174,block_1,,,,,,,,,,,,,,,,,,,shape_1,shape_1,shape_3,shape_2,shape_2,2,2,174,,,,,,,,,,,,,,,,,,,,,,,,,,,,,,,,,,,,,,,,,,,,,,,,,,,,,,,,,,,,,,,,,,,,,,,,,,,,,,,,,,,,,,,,,,,1963.127,102,42,1964.6314,1964.6316,1965.0328,left,1,1965.0329,1965.1332,1965.1332,1965.3338,space,0.1798,,0,108,108,173,1,0.3777,,,,,,,,,,,,,,,,,,,,,,,,,,,,,,,,,,,,,,,,,,,,,,,,,,,,,,,,,
,,,,,,,,,,,,,,,618522,001,2024-12-07_13h04.07.781,test,2024.1.4,Win32,59.52380952,674841e51ddba29a9dee134e,67546f35f927709209cd55ea,67548d8adc0c853401c11a3b,,,,,,,,,,,,,,,,,,,,,,,,,,,,,,,,,,,,,,,,,,,,,,,,,,,,,,,,,,,,,,114,block_1,,,,,,,,,,,,,,,,,,,shape_3,shape_3,shape_4,shape_4,shape_2,1,1,114,,,,,,,,,,,,,,,,,,,,,,,,,,,,,,,,,,,,,,,,,,,,,,,,,,,,,,,,,,,,,,,,,,,,,,,,,,,,,,,,,,,,,,,,,,,1965.3345,103,43,1966.8225,1966.8226,1967.14,right,1,1967.1401,1967.2403,1967.2404,1967.5751,space,0.3213,,0,109,109,113,1,0.2967,,,,,,,,,,,,,,,,,,,,,,,,,,,,,,,,,,,,,,,,,,,,,,,,,,,,,,,,,
,,,,,,,,,,,,,,,618522,001,2024-12-07_13h04.07.781,test,2024.1.4,Win32,59.52380952,674841e51ddba29a9dee134e,67546f35f927709209cd55ea,67548d8adc0c853401c11a3b,,,,,,,,,,,,,,,,,,,,,,,,,,,,,,,,,,,,,,,,,,,,,,,,,,,,,,,,,,,,,,295,block_1,,,,,,,,,,,,,,,,,,,shape_2,shape_2,shape_3,shape_3,shape_4,2,1,295,,,,,,,,,,,,,,,,,,,,,,,,,,,,,,,,,,,,,,,,,,,,,,,,,,,,,,,,,,,,,,,,,,,,,,,,,,,,,,,,,,,,,,,,,,,1967.5756,104,44,1969.08,1969.0801,1969.4812,right,0,1969.4813,1969.5817,1969.5818,1969.8826,space,0.2807,,0,110,110,294,1,0.3771,,,,,,,,,,,,,,,,,,,,,,,,,,,,,,,,,,,,,,,,,,,,,,,,,,,,,,,,,
,,,,,,,,,,,,,,,618522,001,2024-12-07_13h04.07.781,test,2024.1.4,Win32,59.52380952,674841e51ddba29a9dee134e,67546f35f927709209cd55ea,67548d8adc0c853401c11a3b,,,,,,,,,,,,,,,,,,,,,,,,,,,,,,,,,,,,,,,,,,,,,,,,,,,,,,,,,,,,,,17,block_1,,,,,,,,,,,,,,,,,,,shape_2,shape_2,shape_1,shape_4,shape_3,1,2,17,,,,,,,,,,,,,,,,,,,,,,,,,,,,,,,,,,,,,,,,,,,,,,,,,,,,,,,,,,,,,,,,,,,,,,,,,,,,,,,,,,,,,,,,,,,1969.8831,105,43,1971.3715,1971.3716,1971.8396,left,0,1971.8397,1971.9398,1971.9399,1972.2407,space,0.2876,,0,111,111,16,1,0.4446,,,,,,,,,,,,,,,,,,,,,,,,,,,,,,,,,,,,,,,,,,,,,,,,,,,,,,,,,
,,,,,,,,,,,,,,,618522,001,2024-12-07_13h04.07.781,test,2024.1.4,Win32,59.52380952,674841e51ddba29a9dee134e,67546f35f927709209cd55ea,67548d8adc0c853401c11a3b,,,,,,,,,,,,,,,,,,,,,,,,,,,,,,,,,,,,,,,,,,,,,,,,,,,,,,,,,,,,,,69,block_1,,,,,,,,,,,,,,,,,,,shape_2,shape_3,shape_3,shape_2,shape_3,1,1,69,,,,,,,,,,,,,,,,,,,,,,,,,,,,,,,,,,,,,,,,,,,,,,,,,,,,,,,,,,,,,,,,,,,,,,,,,,,,,,,,,,,,,,,,,,,1972.2411,106,42,1973.7295,1973.7296,1974.0815,right,1,1974.0816,1974.1806,1974.1807,1974.4985,space,0.2984,,0,112,112,68,1,0.3289,,,,,,,,,,,,,,,,,,,,,,,,,,,,,,,,,,,,,,,,,,,,,,,,,,,,,,,,,
,,,,,,,,,,,,,,,618522,001,2024-12-07_13h04.07.781,test,2024.1.4,Win32,59.52380952,674841e51ddba29a9dee134e,67546f35f927709209cd55ea,67548d8adc0c853401c11a3b,,,,,,,,,,,,,,,,,,,,,,,,,,,,,,,,,,,,,,,,,,,,,,,,,,,,,,,,,,,,,,53,block_1,,,,,,,,,,,,,,,,,,,shape_2,shape_2,shape_2,shape_3,shape_2,1,2,53,,,,,,,,,,,,,,,,,,,,,,,,,,,,,,,,,,,,,,,,,,,,,,,,,,,,,,,,,,,,,,,,,,,,,,,,,,,,,,,,,,,,,,,,,,,1974.4988,107,43,1975.9873,1975.9873,1976.2881,left,0,1976.2881,1976.3887,1976.3888,1976.7061,space,0.2992,,0,113,113,52,1,0.2786,,,,,,,,,,,,,,,,,,,,,,,,,,,,,,,,,,,,,,,,,,,,,,,,,,,,,,,,,
,,,,,,,,,,,,,,,618522,001,2024-12-07_13h04.07.781,test,2024.1.4,Win32,59.52380952,674841e51ddba29a9dee134e,67546f35f927709209cd55ea,67548d8adc0c853401c11a3b,,,,,,,,,,,,,,,,,,,,,,,,,,,,,,,,,,,,,,,,,,,,,,,,,,,,,,,,,,,,,,225,block_1,,,,,,,,,,,,,,,,,,,shape_2,shape_3,shape_2,shape_2,shape_1,2,2,225,,,,,,,,,,,,,,,,,,,,,,,,,,,,,,,,,,,,,,,,,,,,,,,,,,,,,,,,,,,,,,,,,,,,,,,,,,,,,,,,,,,,,,,,,,,1976.7067,108,42,1978.1948,1978.1948,1978.6797,right,0,1978.6797,1978.7799,1978.78,1979.1981,space,0.3983,,0,114,114,224,1,0.4638,,,,,,,,,,,,,,,,,,,,,,,,,,,,,,,,,,,,,,,,,,,,,,,,,,,,,,,,,
,,,,,,,,,,,,,,,618522,001,2024-12-07_13h04.07.781,test,2024.1.4,Win32,59.52380952,674841e51ddba29a9dee134e,67546f35f927709209cd55ea,67548d8adc0c853401c11a3b,,,,,,,,,,,,,,,,,,,,,,,,,,,,,,,,,,,,,,,,,,,,,,,,,,,,,,,,,,,,,,19,block_1,,,,,,,,,,,,,,,,,,,shape_2,shape_2,shape_1,shape_4,shape_3,1,2,19,,,,,,,,,,,,,,,,,,,,,,,,,,,,,,,,,,,,,,,,,,,,,,,,,,,,,,,,,,,,,,,,,,,,,,,,,,,,,,,,,,,,,,,,,,,1979.1986,109,41,1980.6864,1980.6864,1981.0545,left,0,1981.0546,1981.155,1981.1552,1981.3889,space,0.2172,,0,115,115,18,1,0.3466,,,,,,,,,,,,,,,,,,,,,,,,,,,,,,,,,,,,,,,,,,,,,,,,,,,,,,,,,
,,,,,,,,,,,,,,,618522,001,2024-12-07_13h04.07.781,test,2024.1.4,Win32,59.52380952,674841e51ddba29a9dee134e,67546f35f927709209cd55ea,67548d8adc0c853401c11a3b,,,,,,,,,,,,,,,,,,,,,,,,,,,,,,,,,,,,,,,,,,,,,,,,,,,,,,,,,,,,,,50,block_1,,,,,,,,,,,,,,,,,,,shape_4,shape_1,shape_3,shape_3,shape_4,1,1,50,,,,,,,,,,,,,,,,,,,,,,,,,,,,,,,,,,,,,,,,,,,,,,,,,,,,,,,,,,,,,,,,,,,,,,,,,,,,,,,,,,,,,,,,,,,1981.3895,110,40,1982.8774,1982.8775,1983.2287,right,1,1983.2289,1983.3292,1983.3293,1983.5631,space,0.2107,,0,116,116,49,1,0.3295,,,,,,,,,,,,,,,,,,,,,,,,,,,,,,,,,,,,,,,,,,,,,,,,,,,,,,,,,
,,,,,,,,,,,,,,,618522,001,2024-12-07_13h04.07.781,test,2024.1.4,Win32,59.52380952,674841e51ddba29a9dee134e,67546f35f927709209cd55ea,67548d8adc0c853401c11a3b,,,,,,,,,,,,,,,,,,,,,,,,,,,,,,,,,,,,,,,,,,,,,,,,,,,,,,,,,,,,,,240,block_1,,,,,,,,,,,,,,,,,,,shape_2,shape_3,shape_3,shape_2,shape_1,2,2,240,,,,,,,,,,,,,,,,,,,,,,,,,,,,,,,,,,,,,,,,,,,,,,,,,,,,,,,,,,,,,,,,,,,,,,,,,,,,,,,,,,,,,,,,,,,1983.5637,111,41,1985.0517,1985.0518,1985.5031,right,0,1985.5032,1985.6036,1985.6037,1985.8544,space,0.2281,,0,117,117,239,1,0.4299,,,,,,,,,,,,,,,,,,,,,,,,,,,,,,,,,,,,,,,,,,,,,,,,,,,,,,,,,
,,,,,,,,,,,,,,,618522,001,2024-12-07_13h04.07.781,test,2024.1.4,Win32,59.52380952,674841e51ddba29a9dee134e,67546f35f927709209cd55ea,67548d8adc0c853401c11a3b,,,,,,,,,,,,,,,,,,,,,,,,,,,,,,,,,,,,,,,,,,,,,,,,,,,,,,,,,,,,,,153,block_1,,,,,,,,,,,,,,,,,,,shape_1,shape_1,shape_2,shape_1,shape_2,2,2,153,,,,,,,,,,,,,,,,,,,,,,,,,,,,,,,,,,,,,,,,,,,,,,,,,,,,,,,,,,,,,,,,,,,,,,,,,,,,,,,,,,,,,,,,,,,1985.855,112,40,1987.3429,1987.343,1987.6269,left,1,1987.627,1987.7275,1987.7276,1988.0619,space,0.3118,,0,118,118,152,1,0.2654,,,,,,,,,,,,,,,,,,,,,,,,,,,,,,,,,,,,,,,,,,,,,,,,,,,,,,,,,
,,,,,,,,,,,,,,,618522,001,2024-12-07_13h04.07.781,test,2024.1.4,Win32,59.52380952,674841e51ddba29a9dee134e,67546f35f927709209cd55ea,67548d8adc0c853401c11a3b,,,,,,,,,,,,,,,,,,,,,,,,,,,,,,,,,,,,,,,,,,,,,,,,,,,,,,,,,,,,,,262,block_1,,,,,,,,,,,,,,,,,,,shape_2,shape_1,shape_3,shape_4,shape_4,2,1,262,,,,,,,,,,,,,,,,,,,,,,,,,,,,,,,,,,,,,,,,,,,,,,,,,,,,,,,,,,,,,,,,,,,,,,,,,,,,,,,,,,,,,,,,,,,1988.0624,113,41,1989.5503,1989.5504,1989.9016,right,0,1989.9017,1990.002,1990.0021,1990.3029,space,0.2787,,0,119,119,261,1,0.3274,,,,,,,,,,,,,,,,,,,,,,,,,,,,,,,,,,,,,,,,,,,,,,,,,,,,,,,,,
,,,,,,,,,,,,,,,618522,001,2024-12-07_13h04.07.781,test,2024.1.4,Win32,59.52380952,674841e51ddba29a9dee134e,67546f35f927709209cd55ea,67548d8adc0c853401c11a3b,,,,,,,,,,,,,,,,,,,,,,,,,,,,,,,,,,,,,,,,,,,,,,,,,,,,,,,,,,,,,,79,block_1,,,,,,,,,,,,,,,,,,,shape_3,shape_3,shape_2,shape_2,shape_4,1,1,79,,,,,,,,,,,,,,,,,,,,,,,,,,,,,,,,,,,,,,,,,,,,,,,,,,,,,,,,,,,,,,,,,,,,,,,,,,,,,,,,,,,,,,,,,,,1990.3034,114,40,1991.7914,1991.7916,1992.1425,right,1,1992.1426,1992.243,1992.2431,1992.5607,space,0.2948,,0,120,120,78,1,0.3315,,,,,,,,,,,,,,,,,,,,,,,,,,,,,,,,,,,,,,,,,,,,,,,,,,,,,,,,,
,,,,,,,,,,,,,,,618522,001,2024-12-07_13h04.07.781,test,2024.1.4,Win32,59.52380952,674841e51ddba29a9dee134e,67546f35f927709209cd55ea,67548d8adc0c853401c11a3b,,,,,,,,,,,,,,,,,,,,,,,,,,,,,,,,,,,,,,,,,,,,,,,,,,,,,,,,,,,,,,197,block_1,,,,,,,,,,,,,,,,,,,shape_1,shape_3,shape_3,shape_2,shape_1,2,2,197,,,,,,,,,,,,,,,,,,,,,,,,,,,,,,,,,,,,,,,,,,,,,,,,,,,,,,,,,,,,,,,,,,,,,,,,,,,,,,,,,,,,,,,,,,,1992.5612,115,41,1994.0492,1994.0493,1994.3,left,1,1994.3002,1994.4003,1994.4004,1994.7181,space,0.3006,,0,121,121,196,1,0.2304,,,,,,,,,,,,,,,,,,,,,,,,,,,,,,,,,,,,,,,,,,,,,,,,,,,,,,,,,
,,,,,,,,,,,,,,,618522,001,2024-12-07_13h04.07.781,test,2024.1.4,Win32,59.52380952,674841e51ddba29a9dee134e,67546f35f927709209cd55ea,67548d8adc0c853401c11a3b,,,,,,,,,,,,,,,,,,,,,,,,,,,,,,,,,,,,,,,,,,,,,,,,,,,,,,,,,,,,,,251,block_1,,,,,,,,,,,,,,,,,,,shape_1,shape_4,shape_2,shape_4,shape_2,2,1,251,,,,,,,,,,,,,,,,,,,,,,,,,,,,,,,,,,,,,,,,,,,,,,,,,,,,,,,,,,,,,,,,,,,,,,,,,,,,,,,,,,,,,,,,,,,1994.7186,116,42,1996.2067,1996.2067,1996.6414,right,0,1996.6414,1996.7416,1996.7417,1997.0259,space,0.269,,0,122,122,250,1,0.4112,,,,,,,,,,,,,,,,,,,,,,,,,,,,,,,,,,,,,,,,,,,,,,,,,,,,,,,,,
,,,,,,,,,,,,,,,618522,001,2024-12-07_13h04.07.781,test,2024.1.4,Win32,59.52380952,674841e51ddba29a9dee134e,67546f35f927709209cd55ea,67548d8adc0c853401c11a3b,,,,,,,,,,,,,,,,,,,,,,,,,,,,,,,,,,,,,,,,,,,,,,,,,,,,,,,,,,,,,,180,block_1,,,,,,,,,,,,,,,,,,,shape_1,shape_1,shape_3,shape_2,shape_2,2,2,180,,,,,,,,,,,,,,,,,,,,,,,,,,,,,,,,,,,,,,,,,,,,,,,,,,,,,,,,,,,,,,,,,,,,,,,,,,,,,,,,,,,,,,,,,,,1997.0267,117,41,1998.5312,1998.5313,1998.8992,left,1,1998.8993,1998.9994,1998.9995,1999.3013,space,0.2875,,0,123,123,179,1,0.3441,,,,,,,,,,,,,,,,,,,,,,,,,,,,,,,,,,,,,,,,,,,,,,,,,,,,,,,,,
,,,,,,,,,,,,,,,618522,001,2024-12-07_13h04.07.781,test,2024.1.4,Win32,59.52380952,674841e51ddba29a9dee134e,67546f35f927709209cd55ea,67548d8adc0c853401c11a3b,,,,,,,,,,,,,,,,,,,,,,,,,,,,,,,,,,,,,,,,,,,,,,,,,,,,,,,,,,,,,,218,block_1,,,,,,,,,,,,,,,,,,,shape_2,shape_3,shape_2,shape_2,shape_1,2,2,218,,,,,,,,,,,,,,,,,,,,,,,,,,,,,,,,,,,,,,,,,,,,,,,,,,,,,,,,,,,,,,,,,,,,,,,,,,,,,,,,,,,,,,,,,,,1999.3018,118,42,2000.8056,2000.8058,2001.1066,left,1,2001.1068,2001.207,2001.207,2001.4912,space,0.2661,,0,124,124,217,1,0.2771,,,,,,,,,,,,,,,,,,,,,,,,,,,,,,,,,,,,,,,,,,,,,,,,,,,,,,,,,
,,,,,,,,,,,,,,,618522,001,2024-12-07_13h04.07.781,test,2024.1.4,Win32,59.52380952,674841e51ddba29a9dee134e,67546f35f927709209cd55ea,67548d8adc0c853401c11a3b,,,,,,,,,,,,,,,,,,,,,,,,,,,,,,,,,,,,,,,,,,,,,,,,,,,,,,,,,,,,,,217,block_1,,,,,,,,,,,,,,,,,,,shape_2,shape_3,shape_2,shape_2,shape_1,2,2,217,,,,,,,,,,,,,,,,,,,,,,,,,,,,,,,,,,,,,,,,,,,,,,,,,,,,,,,,,,,,,,,,,,,,,,,,,,,,,,,,,,,,,,,,,,,2001.4919,119,43,2002.9964,2002.9966,2003.4146,left,1,2003.4146,2003.5151,2003.5152,2003.7662,space,0.2388,,0,125,125,216,1,0.4025,,,,,,,,,,,,,,,,,,,,,,,,,,,,,,,,,,,,,,,,,,,,,,,,,,,,,,,,,
,,,,,,,,,,,,,,,618522,001,2024-12-07_13h04.07.781,test,2024.1.4,Win32,59.52380952,674841e51ddba29a9dee134e,67546f35f927709209cd55ea,67548d8adc0c853401c11a3b,,,,,,,,,,,,,,,,,,,,,,,,,,,,,,,,,,,,,,,,,,,,,,,,,,,,,,,,,,,,,,209,block_1,,,,,,,,,,,,,,,,,,,shape_1,shape_2,shape_2,shape_2,shape_2,2,2,209,,,,,,,,,,,,,,,,,,,,,,,,,,,,,,,,,,,,,,,,,,,,,,,,,,,,,,,,,,,,,,,,,,,,,,,,,,,,,,,,,,,,,,,,,,,2003.7667,120,44,2005.2712,2005.2712,2005.5385,left,1,2005.5388,2005.639,2005.6391,2005.94,space,0.2805,,0,126,126,208,1,0.2478,,,,,,,,,,,,,,,,,,,,,,,,,,,,,,,,,,,,,,,,,,,,,,,,,,,,,,,,,
,,,,,,,,,,,,,,,618522,001,2024-12-07_13h04.07.781,test,2024.1.4,Win32,59.52380952,674841e51ddba29a9dee134e,67546f35f927709209cd55ea,67548d8adc0c853401c11a3b,,,,,,,,,,,,,,,,,,,,,,,,,,,,,,,,,,,,,,,,,,,,,,,,,,,,,,,,,,,,,,281,block_1,,,,,,,,,,,,,,,,,,,shape_2,shape_3,shape_2,shape_2,shape_3,2,2,281,,,,,,,,,,,,,,,,,,,,,,,,,,,,,,,,,,,,,,,,,,,,,,,,,,,,,,,,,,,,,,,,,,,,,,,,,,,,,,,,,,,,,,,,,,,2005.9408,121,45,2007.4453,2007.4453,2007.7126,right,0,2007.7127,2007.813,2007.8132,2007.9968,space,0.1633,,0,127,127,280,1,0.2441,,,,,,,,,,,,,,,,,,,,,,,,,,,,,,,,,,,,,,,,,,,,,,,,,,,,,,,,,
,,,,,,,,,,,,,,,618522,001,2024-12-07_13h04.07.781,test,2024.1.4,Win32,59.52380952,674841e51ddba29a9dee134e,67546f35f927709209cd55ea,67548d8adc0c853401c11a3b,,,,,,,,,,,,,,,,,,,,,,,,,,,,,,,,,,,,,,,,,,,,,,,,,,,,,,,,,,,,,,122,block_1,,,,,,,,,,,,,,,,,,,shape_3,shape_3,shape_4,shape_4,shape_2,1,1,122,,,,,,,,,,,,,,,,,,,,,,,,,,,,,,,,,,,,,,,,,,,,,,,,,,,,,,,,,,,,,,,,,,,,,,,,,,,,,,,,,,,,,,,,,,,2007.9973,122,44,2009.4855,2009.4855,2009.7529,right,1,2009.7529,2009.8534,2009.8535,2010.121,space,0.2441,,0,128,128,121,1,0.2501,,,,,,,,,,,,,,,,,,,,,,,,,,,,,,,,,,,,,,,,,,,,,,,,,,,,,,,,,
,,,,,,,,,,,,,,,618522,001,2024-12-07_13h04.07.781,test,2024.1.4,Win32,59.52380952,674841e51ddba29a9dee134e,67546f35f927709209cd55ea,67548d8adc0c853401c11a3b,,,,,,,,,,,,,,,,,,,,,,,,,,,,,,,,,,,,,,,,,,,,,,,,,,,,,,,,,,,,,,247,block_1,,,,,,,,,,,,,,,,,,,shape_1,shape_2,shape_4,shape_3,shape_2,2,2,247,,,,,,,,,,,,,,,,,,,,,,,,,,,,,,,,,,,,,,,,,,,,,,,,,,,,,,,,,,,,,,,,,,,,,,,,,,,,,,,,,,,,,,,,,,,2010.1215,123,45,2011.6094,2011.6095,2011.8605,right,0,2011.8605,2011.9607,2011.9608,2012.2114,space,0.2278,,0,129,129,246,1,0.2287,,,,,,,,,,,,,,,,,,,,,,,,,,,,,,,,,,,,,,,,,,,,,,,,,,,,,,,,,
,,,,,,,,,,,,,,,618522,001,2024-12-07_13h04.07.781,test,2024.1.4,Win32,59.52380952,674841e51ddba29a9dee134e,67546f35f927709209cd55ea,67548d8adc0c853401c11a3b,,,,,,,,,,,,,,,,,,,,,,,,,,,,,,,,,,,,,,,,,,,,,,,,,,,,,,,,,,,,,,166,block_1,,,,,,,,,,,,,,,,,,,shape_1,shape_4,shape_1,shape_1,shape_3,2,2,166,,,,,,,,,,,,,,,,,,,,,,,,,,,,,,,,,,,,,,,,,,,,,,,,,,,,,,,,,,,,,,,,,,,,,,,,,,,,,,,,,,,,,,,,,,,2012.2121,124,44,2013.7166,2013.7167,2013.9509,left,1,2013.9509,2014.051,2014.0512,2014.302,space,0.2358,,0,130,130,165,1,0.2105,,,,,,,,,,,,,,,,,,,,,,,,,,,,,,,,,,,,,,,,,,,,,,,,,,,,,,,,,
,,,,,,,,,,,,,,,618522,001,2024-12-07_13h04.07.781,test,2024.1.4,Win32,59.52380952,674841e51ddba29a9dee134e,67546f35f927709209cd55ea,67548d8adc0c853401c11a3b,,,,,,,,,,,,,,,,,,,,,,,,,,,,,,,,,,,,,,,,,,,,,,,,,,,,,,,,,,,,,,88,block_1,,,,,,,,,,,,,,,,,,,shape_2,shape_3,shape_2,shape_4,shape_4,1,1,88,,,,,,,,,,,,,,,,,,,,,,,,,,,,,,,,,,,,,,,,,,,,,,,,,,,,,,,,,,,,,,,,,,,,,,,,,,,,,,,,,,,,,,,,,,,2014.3026,125,45,2015.8072,2015.8072,2016.1081,right,1,2016.1081,2016.2085,2016.2086,2016.476,space,0.248,,0,131,131,87,1,0.2802,,,,,,,,,,,,,,,,,,,,,,,,,,,,,,,,,,,,,,,,,,,,,,,,,,,,,,,,,
,,,,,,,,,,,,,,,618522,001,2024-12-07_13h04.07.781,test,2024.1.4,Win32,59.52380952,674841e51ddba29a9dee134e,67546f35f927709209cd55ea,67548d8adc0c853401c11a3b,,,,,,,,,,,,,,,,,,,,,,,,,,,,,,,,,,,,,,,,,,,,,,,,,,,,,,,,,,,,,,186,block_1,,,,,,,,,,,,,,,,,,,shape_2,shape_1,shape_2,shape_4,shape_1,2,2,186,,,,,,,,,,,,,,,,,,,,,,,,,,,,,,,,,,,,,,,,,,,,,,,,,,,,,,,,,,,,,,,,,,,,,,,,,,,,,,,,,,,,,,,,,,,2016.4767,126,46,2017.9813,2017.9814,2018.2823,left,1,2018.2823,2018.3827,2018.3827,2018.6172,space,0.2227,,0,132,132,185,1,0.2853,,,,,,,,,,,,,,,,,,,,,,,,,,,,,,,,,,,,,,,,,,,,,,,,,,,,,,,,,
,,,,,,,,,,,,,,,618522,001,2024-12-07_13h04.07.781,test,2024.1.4,Win32,59.52380952,674841e51ddba29a9dee134e,67546f35f927709209cd55ea,67548d8adc0c853401c11a3b,,,,,,,,,,,,,,,,,,,,,,,,,,,,,,,,,,,,,,,,,,,,,,,,,,,,,,,,,,,,,,32,block_1,,,,,,,,,,,,,,,,,,,shape_2,shape_4,shape_3,shape_3,shape_1,1,1,32,,,,,,,,,,,,,,,,,,,,,,,,,,,,,,,,,,,,,,,,,,,,,,,,,,,,,,,,,,,,,,,,,,,,,,,,,,,,,,,,,,,,,,,,,,,2018.6177,127,47,2020.1218,2020.1219,2020.3392,right,1,2020.3393,2020.4396,2020.4398,2020.6571,space,0.1972,,0,133,133,31,1,0.2002,,,,,,,,,,,,,,,,,,,,,,,,,,,,,,,,,,,,,,,,,,,,,,,,,,,,,,,,,
,,,,,,,,,,,,,,,618522,001,2024-12-07_13h04.07.781,test,2024.1.4,Win32,59.52380952,674841e51ddba29a9dee134e,67546f35f927709209cd55ea,67548d8adc0c853401c11a3b,,,,,,,,,,,,,,,,,,,,,,,,,,,,,,,,,,,,,,,,,,,,,,,,,,,,,,,,,,,,,,102,block_1,,,,,,,,,,,,,,,,,,,shape_3,shape_3,shape_3,shape_4,shape_2,1,1,102,,,,,,,,,,,,,,,,,,,,,,,,,,,,,,,,,,,,,,,,,,,,,,,,,,,,,,,,,,,,,,,,,,,,,,,,,,,,,,,,,,,,,,,,,,,2020.6578,128,48,2022.1623,2022.1624,2022.3127,right,1,2022.3128,2022.413,2022.4131,2022.7318,space,0.3082,,0,134,134,101,1,0.1266,,,,,,,,,,,,,,,,,,,,,,,,,,,,,,,,,,,,,,,,,,,,,,,,,,,,,,,,,
,,,,,,,,,,,,,,,618522,001,2024-12-07_13h04.07.781,test,2024.1.4,Win32,59.52380952,674841e51ddba29a9dee134e,67546f35f927709209cd55ea,67548d8adc0c853401c11a3b,,,,,,,,,,,,,,,,,,,,,,,,,,,,,,,,,,,,,,,,,,,,,,,,,,,,,,,,,,,,,,85,block_1,,,,,,,,,,,,,,,,,,,shape_3,shape_3,shape_2,shape_2,shape_4,1,1,85,,,,,,,,,,,,,,,,,,,,,,,,,,,,,,,,,,,,,,,,,,,,,,,,,,,,,,,,,,,,,,,,,,,,,,,,,,,,,,,,,,,,,,,,,,,2022.7322,129,49,2024.2358,2024.2358,2024.3697,right,1,2024.3697,2024.4703,2024.4704,2024.8381,space,0.3526,,0,135,135,84,1,0.1142,,,,,,,,,,,,,,,,,,,,,,,,,,,,,,,,,,,,,,,,,,,,,,,,,,,,,,,,,
,,,,,,,,,,,,,,,618522,001,2024-12-07_13h04.07.781,test,2024.1.4,Win32,59.52380952,674841e51ddba29a9dee134e,67546f35f927709209cd55ea,67548d8adc0c853401c11a3b,,,,,,,,,,,,,,,,,,,,,,,,,,,,,,,,,,,,,,,,,,,,,,,,,,,,,,,,,,,,,,52,block_1,,,,,,,,,,,,,,,,,,,shape_3,shape_4,shape_4,shape_1,shape_4,1,1,52,,,,,,,,,,,,,,,,,,,,,,,,,,,,,,,,,,,,,,,,,,,,,,,,,,,,,,,,,,,,,,,,,,,,,,,,,,,,,,,,,,,,,,,,,,,2024.8389,130,50,2026.3432,2026.3432,2026.4603,right,1,2026.4603,2026.5606,2026.5608,2026.9283,space,0.3476,,0,136,136,51,1,0.1,,,,,,,,,,,,,,,,,,,,,,,,,,,,,,,,,,,,,,,,,,,,,,,,,,,,,,,,,
,,,,,,,,,,,,,,,618522,001,2024-12-07_13h04.07.781,test,2024.1.4,Win32,59.52380952,674841e51ddba29a9dee134e,67546f35f927709209cd55ea,67548d8adc0c853401c11a3b,,,,,,,,,,,,,,,,,,,,,,,,,,,,,,,,,,,,,,,,,,,,,,,,,,,,,,,,,,,,,,135,block_1,,,,,,,,,,,,,,,,,,,shape_4,shape_3,shape_3,shape_3,shape_3,1,1,135,,,,,,,,,,,,,,,,,,,,,,,,,,,,,,,,,,,,,,,,,,,,,,,,,,,,,,,,,,,,,,,,,,,,,,,,,,,,,,,,,,,,,,,,,,,2026.9286,131,51,2028.4172,2028.4172,2028.7347,right,1,2028.7348,2028.8351,2028.8351,2029.0358,space,0.1859,,0,137,137,134,1,0.2937,,,,,,,,,,,,,,,,,,,,,,,,,,,,,,,,,,,,,,,,,,,,,,,,,,,,,,,,,
,,,,,,,,,,,,,,,618522,001,2024-12-07_13h04.07.781,test,2024.1.4,Win32,59.52380952,674841e51ddba29a9dee134e,67546f35f927709209cd55ea,67548d8adc0c853401c11a3b,,,,,,,,,,,,,,,,,,,,,,,,,,,,,,,,,,,,,,,,,,,,,,,,,,,,,,,,,,,,,,244,block_1,,,,,,,,,,,,,,,,,,,shape_1,shape_2,shape_4,shape_3,shape_2,2,2,244,,,,,,,,,,,,,,,,,,,,,,,,,,,,,,,,,,,,,,,,,,,,,,,,,,,,,,,,,,,,,,,,,,,,,,,,,,,,,,,,,,,,,,,,,,,2029.0364,132,52,2030.5407,2030.5408,2030.7583,left,1,2030.7583,2030.8589,2030.8589,2031.0593,space,0.1811,,0,138,138,243,1,0.2024,,,,,,,,,,,,,,,,,,,,,,,,,,,,,,,,,,,,,,,,,,,,,,,,,,,,,,,,,
,,,,,,,,,,,,,,,618522,001,2024-12-07_13h04.07.781,test,2024.1.4,Win32,59.52380952,674841e51ddba29a9dee134e,67546f35f927709209cd55ea,67548d8adc0c853401c11a3b,,,,,,,,,,,,,,,,,,,,,,,,,,,,,,,,,,,,,,,,,,,,,,,,,,,,,,,,,,,,,,257,block_1,,,,,,,,,,,,,,,,,,,shape_3,shape_3,shape_4,shape_2,shape_1,2,1,257,,,,,,,,,,,,,,,,,,,,,,,,,,,,,,,,,,,,,,,,,,,,,,,,,,,,,,,,,,,,,,,,,,,,,,,,,,,,,,,,,,,,,,,,,,,2031.06,133,53,2032.5647,2032.5648,2032.8656,left,1,2032.8657,2032.9661,2032.9661,2033.2,space,0.2162,,0,139,139,256,1,0.283,,,,,,,,,,,,,,,,,,,,,,,,,,,,,,,,,,,,,,,,,,,,,,,,,,,,,,,,,
,,,,,,,,,,,,,,,618522,001,2024-12-07_13h04.07.781,test,2024.1.4,Win32,59.52380952,674841e51ddba29a9dee134e,67546f35f927709209cd55ea,67548d8adc0c853401c11a3b,,,,,,,,,,,,,,,,,,,,,,,,,,,,,,,,,,,,,,,,,,,,,,,,,,,,,,,,,,,,,,123,block_1,,,,,,,,,,,,,,,,,,,shape_3,shape_3,shape_4,shape_4,shape_2,1,1,123,,,,,,,,,,,,,,,,,,,,,,,,,,,,,,,,,,,,,,,,,,,,,,,,,,,,,,,,,,,,,,,,,,,,,,,,,,,,,,,,,,,,,,,,,,,2033.2007,134,54,2034.6886,2034.6887,2034.9894,right,1,2034.9895,2035.0901,2035.0901,2035.3576,space,0.2471,,0,140,140,122,1,0.2826,,,,,,,,,,,,,,,,,,,,,,,,,,,,,,,,,,,,,,,,,,,,,,,,,,,,,,,,,
,,,,,,,,,,,,,,,618522,001,2024-12-07_13h04.07.781,test,2024.1.4,Win32,59.52380952,674841e51ddba29a9dee134e,67546f35f927709209cd55ea,67548d8adc0c853401c11a3b,,,,,,,,,,,,,,,,,,,,,,,,,,,,,,,,,,,,,,,,,,,,,,,,,,,,,,,,,,,,,,96,block_1,,,,,,,,,,,,,,,,,,,shape_3,shape_3,shape_3,shape_2,shape_3,1,1,96,,,,,,,,,,,,,,,,,,,,,,,,,,,,,,,,,,,,,,,,,,,,,,,,,,,,,,,,,,,,,,,,,,,,,,,,,,,,,,,,,,,,,,,,,,,2035.3582,135,55,2036.8461,2036.8461,2037.0799,right,1,2037.08,2037.1807,2037.1807,2037.3642,space,0.1665,,0,141,141,95,1,0.2161,,,,,,,,,,,,,,,,,,,,,,,,,,,,,,,,,,,,,,,,,,,,,,,,,,,,,,,,,
,,,,,,,,,,,,,,,618522,001,2024-12-07_13h04.07.781,test,2024.1.4,Win32,59.52380952,674841e51ddba29a9dee134e,67546f35f927709209cd55ea,67548d8adc0c853401c11a3b,,,,,,,,,,,,,,,,,,,,,,,,,,,,,,,,,,,,,,,,,,,,,,,,,,,,,,,,,,,,,,181,block_1,,,,,,,,,,,,,,,,,,,shape_1,shape_1,shape_3,shape_2,shape_2,2,2,181,,,,,,,,,,,,,,,,,,,,,,,,,,,,,,,,,,,,,,,,,,,,,,,,,,,,,,,,,,,,,,,,,,,,,,,,,,,,,,,,,,,,,,,,,,,2037.3647,136,56,2038.8527,2038.8527,2039.1537,left,1,2039.1538,2039.2541,2039.2543,2039.3377,space,0.0637,,0,142,142,180,1,0.2797,,,,,,,,,,,,,,,,,,,,,,,,,,,,,,,,,,,,,,,,,,,,,,,,,,,,,,,,,
,,,,,,,,,,,,,,,618522,001,2024-12-07_13h04.07.781,test,2024.1.4,Win32,59.52380952,674841e51ddba29a9dee134e,67546f35f927709209cd55ea,67548d8adc0c853401c11a3b,,,,,,,,,,,,,,,,,,,,,,,,,,,,,,,,,,,,,,,,,,,,,,,,,,,,,,,,,,,,,,215,block_1,,,,,,,,,,,,,,,,,,,shape_2,shape_3,shape_2,shape_2,shape_1,2,2,215,,,,,,,,,,,,,,,,,,,,,,,,,,,,,,,,,,,,,,,,,,,,,,,,,,,,,,,,,,,,,,,,,,,,,,,,,,,,,,,,,,,,,,,,,,,2039.3383,137,57,2040.826,2040.8261,2041.077,left,1,2041.077,2041.1774,2041.1774,2041.2945,space,0.0984,,0,143,143,214,1,0.2405,,,,,,,,,,,,,,,,,,,,,,,,,,,,,,,,,,,,,,,,,,,,,,,,,,,,,,,,,
,,,,,,,,,,,,,,,618522,001,2024-12-07_13h04.07.781,test,2024.1.4,Win32,59.52380952,674841e51ddba29a9dee134e,67546f35f927709209cd55ea,67548d8adc0c853401c11a3b,,,,,,,,,,,,,,,,,,,,,,,,,,,,,,,,,,,,,,,,,,,,,,,,,,,,,,,,,,,,,,90,block_1,,,,,,,,,,,,,,,,,,,shape_2,shape_3,shape_2,shape_4,shape_4,1,1,90,,,,,,,,,,,,,,,,,,,,,,,,,,,,,,,,,,,,,,,,,,,,,,,,,,,,,,,,,,,,,,,,,,,,,,,,,,,,,,,,,,,,,,,,,,,2041.2952,138,58,2042.7993,2042.7994,2043.0837,right,1,2043.0837,2043.1839,2043.184,2043.4181,space,0.2174,,0,144,144,89,1,0.272,,,,,,,,,,,,,,,,,,,,,,,,,,,,,,,,,,,,,,,,,,,,,,,,,,,,,,,,,
,,,,,,,,,,,,,,,618522,001,2024-12-07_13h04.07.781,test,2024.1.4,Win32,59.52380952,674841e51ddba29a9dee134e,67546f35f927709209cd55ea,67548d8adc0c853401c11a3b,,,,,,,,,,,,,,,,,,,,,,,,,,,,,,,,,,,,,,,,,,,,,,,,,,,,,,,,,,,,,,8,block_1,,,,,,,,,,,,,,,,,,,shape_3,shape_1,shape_4,shape_4,shape_1,1,1,8,,,,,,,,,,,,,,,,,,,,,,,,,,,,,,,,,,,,,,,,,,,,,,,,,,,,,,,,,,,,,,,,,,,,,,,,,,,,,,,,,,,,,,,,,,,2043.4185,139,59,2044.9071,2044.9072,2045.1584,left,0,2045.1584,2045.2583,2045.2583,2045.5592,space,0.2784,,0,145,145,7,1,0.2357,,,,,,,,,,,,,,,,,,,,,,,,,,,,,,,,,,,,,,,,,,,,,,,,,,,,,,,,,
,,,,,,,,,,,,,,,618522,001,2024-12-07_13h04.07.781,test,2024.1.4,Win32,59.52380952,674841e51ddba29a9dee134e,67546f35f927709209cd55ea,67548d8adc0c853401c11a3b,,,,,,,,,,,,,,,,,,,,,,,,,,,,,,,,,,,,,,,,,,,,,,,,,,,,,,,,,,,,,,202,block_1,,,,,,,,,,,,,,,,,,,shape_1,shape_4,shape_3,shape_2,shape_1,2,2,202,,,,,,,,,,,,,,,,,,,,,,,,,,,,,,,,,,,,,,,,,,,,,,,,,,,,,,,,,,,,,,,,,,,,,,,,,,,,,,,,,,,,,,,,,,,2045.5598,140,58,2047.0644,2047.0645,2047.4154,left,1,2047.4155,2047.516,2047.516,2047.7332,space,0.1963,,0,146,146,201,1,0.3281,,,,,,,,,,,,,,,,,,,,,,,,,,,,,,,,,,,,,,,,,,,,,,,,,,,,,,,,,
,,,,,,,,,,,,,,,618522,001,2024-12-07_13h04.07.781,test,2024.1.4,Win32,59.52380952,674841e51ddba29a9dee134e,67546f35f927709209cd55ea,67548d8adc0c853401c11a3b,,,,,,,,,,,,,,,,,,,,,,,,,,,,,,,,,,,,,,,,,,,,,,,,,,,,,,,,,,,,,,162,block_1,,,,,,,,,,,,,,,,,,,shape_1,shape_1,shape_1,shape_2,shape_4,2,2,162,,,,,,,,,,,,,,,,,,,,,,,,,,,,,,,,,,,,,,,,,,,,,,,,,,,,,,,,,,,,,,,,,,,,,,,,,,,,,,,,,,,,,,,,,,,2047.7339,141,59,2049.2218,2049.2219,2049.6233,left,1,2049.6234,2049.7237,2049.7237,2049.9577,space,0.216,,0,147,147,161,1,0.38,,,,,,,,,,,,,,,,,,,,,,,,,,,,,,,,,,,,,,,,,,,,,,,,,,,,,,,,,
,,,,,,,,,,,,,,,618522,001,2024-12-07_13h04.07.781,test,2024.1.4,Win32,59.52380952,674841e51ddba29a9dee134e,67546f35f927709209cd55ea,67548d8adc0c853401c11a3b,,,,,,,,,,,,,,,,,,,,,,,,,,,,,,,,,,,,,,,,,,,,,,,,,,,,,,,,,,,,,,235,block_1,,,,,,,,,,,,,,,,,,,shape_2,shape_3,shape_3,shape_2,shape_1,2,2,235,,,,,,,,,,,,,,,,,,,,,,,,,,,,,,,,,,,,,,,,,,,,,,,,,,,,,,,,,,,,,,,,,,,,,,,,,,,,,,,,,,,,,,,,,,,2049.9581,142,60,2051.4461,2051.4462,2051.6634,left,1,2051.6634,2051.7639,2051.764,2051.9484,space,0.1733,,0,148,148,234,1,0.194,,,,,,,,,,,,,,,,,,,,,,,,,,,,,,,,,,,,,,,,,,,,,,,,,,,,,,,,,
,,,,,,,,,,,,,,,618522,001,2024-12-07_13h04.07.781,test,2024.1.4,Win32,59.52380952,674841e51ddba29a9dee134e,67546f35f927709209cd55ea,67548d8adc0c853401c11a3b,,,,,,,,,,,,,,,,,,,,,,,,,,,,,,,,,,,,,,,,,,,,,,,,,,,,,,,,,,,,,,177,block_1,,,,,,,,,,,,,,,,,,,shape_1,shape_1,shape_3,shape_2,shape_2,2,2,177,,,,,,,,,,,,,,,,,,,,,,,,,,,,,,,,,,,,,,,,,,,,,,,,,,,,,,,,,,,,,,,,,,,,,,,,,,,,,,,,,,,,,,,,,,,2051.9489,143,61,2053.4531,2053.4532,2053.57,left,1,2053.5701,2053.6704,2053.6705,2053.9714,space,0.2808,,0,149,149,176,1,0.0949,,,,,,,,,,,,,,,,,,,,,,,,,,,,,,,,,,,,,,,,,,,,,,,,,,,,,,,,,
,,,,,,,,,,,,,,,618522,001,2024-12-07_13h04.07.781,test,2024.1.4,Win32,59.52380952,674841e51ddba29a9dee134e,67546f35f927709209cd55ea,67548d8adc0c853401c11a3b,,,,,,,,,,,,,,,,,,,,,,,,,,,,,,,,,,,,,,,,,,,,,,,,,,,,,,,,,,,,,,293,block_1,,,,,,,,,,,,,,,,,,,shape_2,shape_2,shape_3,shape_3,shape_4,2,1,293,,,,,,,,,,,,,,,,,,,,,,,,,,,,,,,,,,,,,,,,,,,,,,,,,,,,,,,,,,,,,,,,,,,,,,,,,,,,,,,,,,,,,,,,,,,2053.9721,144,62,2055.4764,2055.4766,2055.7941,right,0,2055.7942,2055.8948,2055.8948,2056.1121,space,0.1978,,0,150,150,292,1,0.2999,,,,,,,,,,,,,,,,,,,,,,,,,,,,,,,,,,,,,,,,,,,,,,,,,,,,,,,,,
,,,,,,,,,,,,,,,618522,001,2024-12-07_13h04.07.781,test,2024.1.4,Win32,59.52380952,674841e51ddba29a9dee134e,67546f35f927709209cd55ea,67548d8adc0c853401c11a3b,,,,,,,,,,,,,,,,,,,,,,,,,,,,,,,,,,,,,,,,,,,,,,,,,,,,,,,,,,,,,,276,block_1,,,,,,,,,,,,,,,,,,,shape_2,shape_3,shape_2,shape_2,shape_3,2,2,276,,,,,,,,,,,,,,,,,,,,,,,,,,,,,,,,,,,,,,,,,,,,,,,,,,,,,,,,,,,,,,,,,,,,,,,,,,,,,,,,,,,,,,,,,,,2056.1126,145,61,2057.6004,2057.6005,2057.8681,left,1,2057.8681,2057.9685,2057.9686,2058.3529,space,0.3615,,0,151,151,275,1,0.252,,,,,,,,,,,,,,,,,,,,,,,,,,,,,,,,,,,,,,,,,,,,,,,,,,,,,,,,,
,,,,,,,,,,,,,,,618522,001,2024-12-07_13h04.07.781,test,2024.1.4,Win32,59.52380952,674841e51ddba29a9dee134e,67546f35f927709209cd55ea,67548d8adc0c853401c11a3b,,,,,,,,,,,,,,,,,,,,,,,,,,,,,,,,,,,,,,,,,,,,,,,,,,,,,,,,,,,,,,199,block_1,,,,,,,,,,,,,,,,,,,shape_1,shape_4,shape_3,shape_2,shape_1,2,2,199,,,,,,,,,,,,,,,,,,,,,,,,,,,,,,,,,,,,,,,,,,,,,,,,,,,,,,,,,,,,,,,,,,,,,,,,,,,,,,,,,,,,,,,,,,,2058.3536,146,62,2059.8414,2059.8414,2060.3264,left,1,2060.3265,2060.4269,2060.427,2060.7443,space,0.3001,,0,152,152,198,1,0.4608,,,,,,,,,,,,,,,,,,,,,,,,,,,,,,,,,,,,,,,,,,,,,,,,,,,,,,,,,
,,,,,,,,,,,,,,,618522,001,2024-12-07_13h04.07.781,test,2024.1.4,Win32,59.52380952,674841e51ddba29a9dee134e,67546f35f927709209cd55ea,67548d8adc0c853401c11a3b,,,,,,,,,,,,,,,,,,,,,,,,,,,,,,,,,,,,,,,,,,,,,,,,,,,,,,,,,,,,,,120,block_1,,,,,,,,,,,,,,,,,,,shape_3,shape_3,shape_4,shape_4,shape_2,1,1,120,,,,,,,,,,,,,,,,,,,,,,,,,,,,,,,,,,,,,,,,,,,,,,,,,,,,,,,,,,,,,,,,,,,,,,,,,,,,,,,,,,,,,,,,,,,2060.7447,147,63,2062.2332,2062.2332,2062.5173,right,1,2062.5173,2062.6176,2062.6178,2063.3032,space,0.666,,0,153,153,119,1,0.2617,,,,,,,,,,,,,,,,,,,,,,,,,,,,,,,,,,,,,,,,,,,,,,,,,,,,,,,,,
,,,,,,,,,,,,,,,618522,001,2024-12-07_13h04.07.781,test,2024.1.4,Win32,59.52380952,674841e51ddba29a9dee134e,67546f35f927709209cd55ea,67548d8adc0c853401c11a3b,,,,,,,,,,,,,,,,,,,,,,,,,,,,,,,,,,,,,,,,,,,,,,,,,,,,,,,,,,,,,,67,block_1,,,,,,,,,,,,,,,,,,,shape_2,shape_3,shape_3,shape_2,shape_3,1,1,67,,,,,,,,,,,,,,,,,,,,,,,,,,,,,,,,,,,,,,,,,,,,,,,,,,,,,,,,,,,,,,,,,,,,,,,,,,,,,,,,,,,,,,,,,,,2063.3038,148,64,2064.7919,2064.792,2064.9758,right,1,2064.9758,2065.0763,2065.0763,2078.539,space,13.4493,,0,154,154,66,1,0.1621,,,,,,,,,,,,,,,,,,,,,,,,,,,,,,,,,,,,,,,,,,,,,,,,,,,,,,,,,
,,,,,,,,,,,,,,,618522,001,2024-12-07_13h04.07.781,test,2024.1.4,Win32,59.52380952,674841e51ddba29a9dee134e,67546f35f927709209cd55ea,67548d8adc0c853401c11a3b,,,,,,,,,,,,,,,,,,,,,,,,,,,,,,,,,,,,,,,,,,,,,,,,,,,,,,,,,,,,,,70,block_1,,,,,,,,,,,,,,,,,,,shape_2,shape_3,shape_3,shape_2,shape_3,1,1,70,,,,,,,,,,,,,,,,,,,,,,,,,,,,,,,,,,,,,,,,,,,,,,,,,,,,,,,,,,,,,,,,,,,,,,,,,,,,,,,,,,,,,,,,,,,2078.5395,149,65,2080.0443,2080.0443,2080.1275,right,1,2080.1276,2080.2282,2080.2282,2080.6963,space,0.4511,,0,155,155,69,1,0.0705,,,,,,,,,,,,,,,,,,,,,,,,,,,,,,,,,,,,,,,,,,,,,,,,,,,,,,,,,
,,,,,,,,,,,,,,,618522,001,2024-12-07_13h04.07.781,test,2024.1.4,Win32,59.52380952,674841e51ddba29a9dee134e,67546f35f927709209cd55ea,67548d8adc0c853401c11a3b,,,,,,,,,,,,,,,,,,,,,,,,,,,,,,,,,,,,,,,,,,,,,,,,,,,,,,,,,,,,,,132,block_1,,,,,,,,,,,,,,,,,,,shape_3,shape_3,shape_3,shape_3,shape_3,1,1,132,,,,,,,,,,,,,,,,,,,,,,,,,,,,,,,,,,,,,,,,,,,,,,,,,,,,,,,,,,,,,,,,,,,,,,,,,,,,,,,,,,,,,,,,,,,2080.697,150,66,2082.2012,2082.2012,2082.3855,right,1,2082.3855,2082.4855,2082.4856,2082.7198,space,0.2173,,0,156,156,131,1,0.1664,,,,,,,,,,,,,,,,,,,,,,,,,,,,,,,,,,,,,,,,,,,,,,,,,,,,,,,,,
,,,,,,,,,,,,,,,618522,001,2024-12-07_13h04.07.781,test,2024.1.4,Win32,59.52380952,674841e51ddba29a9dee134e,67546f35f927709209cd55ea,67548d8adc0c853401c11a3b,,,,,,,,,,,,,,,,,,,,,,,,,,,,,,,,,,,,,,,,,,,,,,,,,,,,,,,,,,,,,,172,block_1,,,,,,,,,,,,,,,,,,,shape_2,shape_1,shape_2,shape_1,shape_2,2,2,172,,,,,,,,,,,,,,,,,,,,,,,,,,,,,,,,,,,,,,,,,,,,,,,,,,,,,,,,,,,,,,,,,,,,,,,,,,,,,,,,,,,,,,,,,,,2082.7204,151,67,2084.2082,2084.2082,2084.3923,left,1,2084.3924,2084.4926,2084.4926,2084.711,space,0.2078,,0,157,157,171,1,0.1702,,,,,,,,,,,,,,,,,,,,,,,,,,,,,,,,,,,,,,,,,,,,,,,,,,,,,,,,,
,,,,,,,,,,,,,,,618522,001,2024-12-07_13h04.07.781,test,2024.1.4,Win32,59.52380952,674841e51ddba29a9dee134e,67546f35f927709209cd55ea,67548d8adc0c853401c11a3b,,,,,,,,,,,,,,,,,,,,,,,,,,,,,,,,,,,,,,,,,,,,,,,,,,,,,,,,,,,,,,137,block_1,,,,,,,,,,,,,,,,,,,shape_4,shape_3,shape_3,shape_3,shape_3,1,1,137,,,,,,,,,,,,,,,,,,,,,,,,,,,,,,,,,,,,,,,,,,,,,,,,,,,,,,,,,,,,,,,,,,,,,,,,,,,,,,,,,,,,,,,,,,,2084.7115,152,68,2086.2152,2086.2152,2086.483,right,1,2086.4831,2086.5831,2086.5832,2086.7507,space,0.1482,,0,158,158,136,1,0.2485,,,,,,,,,,,,,,,,,,,,,,,,,,,,,,,,,,,,,,,,,,,,,,,,,,,,,,,,,
,,,,,,,,,,,,,,,618522,001,2024-12-07_13h04.07.781,test,2024.1.4,Win32,59.52380952,674841e51ddba29a9dee134e,67546f35f927709209cd55ea,67548d8adc0c853401c11a3b,,,,,,,,,,,,,,,,,,,,,,,,,,,,,,,,,,,,,,,,,,,,,,,,,,,,,,,,,,,,,,226,block_1,,,,,,,,,,,,,,,,,,,shape_2,shape_1,shape_4,shape_2,shape_2,2,2,226,,,,,,,,,,,,,,,,,,,,,,,,,,,,,,,,,,,,,,,,,,,,,,,,,,,,,,,,,,,,,,,,,,,,,,,,,,,,,,,,,,,,,,,,,,,2086.7512,153,69,2088.2556,2088.2558,2088.5232,left,1,2088.5233,2088.6238,2088.6238,2088.7574,space,0.1215,,0,159,159,225,1,0.2454,,,,,,,,,,,,,,,,,,,,,,,,,,,,,,,,,,,,,,,,,,,,,,,,,,,,,,,,,
,,,,,,,,,,,,,,,618522,001,2024-12-07_13h04.07.781,test,2024.1.4,Win32,59.52380952,674841e51ddba29a9dee134e,67546f35f927709209cd55ea,67548d8adc0c853401c11a3b,,,,,,,,,,,,,,,,,,,,,,,,,,,,,,,,,,,,,,,,,,,,,,,,,,,,,,,,,,,,,,237,block_1,,,,,,,,,,,,,,,,,,,shape_2,shape_3,shape_3,shape_2,shape_1,2,2,237,,,,,,,,,,,,,,,,,,,,,,,,,,,,,,,,,,,,,,,,,,,,,,,,,,,,,,,,,,,,,,,,,,,,,,,,,,,,,,,,,,,,,,,,,,,2088.7579,154,70,2090.2458,2090.2459,2090.5802,left,1,2090.5803,2090.6807,2090.6808,2090.8312,space,0.1309,,0,160,160,236,1,0.3134,,,,,,,,,,,,,,,,,,,,,,,,,,,,,,,,,,,,,,,,,,,,,,,,,,,,,,,,,
,,,,,,,,,,,,,,,618522,001,2024-12-07_13h04.07.781,test,2024.1.4,Win32,59.52380952,674841e51ddba29a9dee134e,67546f35f927709209cd55ea,67548d8adc0c853401c11a3b,,,,,,,,,,,,,,,,,,,,,,,,,,,,,,,,,,,,,,,,,,,,,,,,,,,,,,,,,,,,,,107,block_1,,,,,,,,,,,,,,,,,,,shape_3,shape_3,shape_3,shape_4,shape_2,1,1,107,,,,,,,,,,,,,,,,,,,,,,,,,,,,,,,,,,,,,,,,,,,,,,,,,,,,,,,,,,,,,,,,,,,,,,,,,,,,,,,,,,,,,,,,,,,2090.8315,155,71,2092.3195,2092.3196,2092.5034,right,1,2092.5034,2092.6039,2092.604,2092.7877,space,0.1636,,0,161,161,106,1,0.1627,,,,,,,,,,,,,,,,,,,,,,,,,,,,,,,,,,,,,,,,,,,,,,,,,,,,,,,,,
,,,,,,,,,,,,,,,618522,001,2024-12-07_13h04.07.781,test,2024.1.4,Win32,59.52380952,674841e51ddba29a9dee134e,67546f35f927709209cd55ea,67548d8adc0c853401c11a3b,,,,,,,,,,,,,,,,,,,,,,,,,,,,,,,,,,,,,,,,,,,,,,,,,,,,,,,,,,,,,,84,block_1,,,,,,,,,,,,,,,,,,,shape_3,shape_3,shape_2,shape_2,shape_4,1,1,84,,,,,,,,,,,,,,,,,,,,,,,,,,,,,,,,,,,,,,,,,,,,,,,,,,,,,,,,,,,,,,,,,,,,,,,,,,,,,,,,,,,,,,,,,,,2092.7882,156,72,2094.2763,2094.2764,2094.5271,right,1,2094.5271,2094.6274,2094.6275,2094.7781,space,0.136,,0,162,162,83,1,0.2297,,,,,,,,,,,,,,,,,,,,,,,,,,,,,,,,,,,,,,,,,,,,,,,,,,,,,,,,,
,,,,,,,,,,,,,,,618522,001,2024-12-07_13h04.07.781,test,2024.1.4,Win32,59.52380952,674841e51ddba29a9dee134e,67546f35f927709209cd55ea,67548d8adc0c853401c11a3b,,,,,,,,,,,,,,,,,,,,,,,,,,,,,,,,,,,,,,,,,,,,,,,,,,,,,,,,,,,,,,195,block_1,,,,,,,,,,,,,,,,,,,shape_1,shape_3,shape_3,shape_2,shape_1,2,2,195,,,,,,,,,,,,,,,,,,,,,,,,,,,,,,,,,,,,,,,,,,,,,,,,,,,,,,,,,,,,,,,,,,,,,,,,,,,,,,,,,,,,,,,,,,,2094.7786,157,73,2096.2832,2096.2834,2096.6176,left,1,2096.6177,2096.7179,2096.7181,2096.8016,space,0.064,,0,163,163,194,1,0.313,,,,,,,,,,,,,,,,,,,,,,,,,,,,,,,,,,,,,,,,,,,,,,,,,,,,,,,,,
,,,,,,,,,,,,,,,618522,001,2024-12-07_13h04.07.781,test,2024.1.4,Win32,59.52380952,674841e51ddba29a9dee134e,67546f35f927709209cd55ea,67548d8adc0c853401c11a3b,,,,,,,,,,,,,,,,,,,,,,,,,,,,,,,,,,,,,,,,,,,,,,,,,,,,,,,,,,,,,,187,block_1,,,,,,,,,,,,,,,,,,,shape_2,shape_1,shape_2,shape_4,shape_1,2,2,187,,,,,,,,,,,,,,,,,,,,,,,,,,,,,,,,,,,,,,,,,,,,,,,,,,,,,,,,,,,,,,,,,,,,,,,,,,,,,,,,,,,,,,,,,,,2096.8022,158,74,2098.29,2098.29,2098.5743,left,1,2098.5743,2098.6749,2098.675,2098.8253,space,0.13,,0,164,164,186,1,0.2625,,,,,,,,,,,,,,,,,,,,,,,,,,,,,,,,,,,,,,,,,,,,,,,,,,,,,,,,,
,,,,,,,,,,,,,,,618522,001,2024-12-07_13h04.07.781,test,2024.1.4,Win32,59.52380952,674841e51ddba29a9dee134e,67546f35f927709209cd55ea,67548d8adc0c853401c11a3b,,,,,,,,,,,,,,,,,,,,,,,,,,,,,,,,,,,,,,,,,,,,,,,,,,,,,,,,,,,,,,98,block_1,,,,,,,,,,,,,,,,,,,shape_3,shape_3,shape_3,shape_2,shape_3,1,1,98,,,,,,,,,,,,,,,,,,,,,,,,,,,,,,,,,,,,,,,,,,,,,,,,,,,,,,,,,,,,,,,,,,,,,,,,,,,,,,,,,,,,,,,,,,,2098.8258,159,75,2100.3303,2100.3305,2100.6314,right,1,2100.6315,2100.7317,2100.7319,2100.8825,space,0.1317,,0,165,165,97,1,0.2801,,,,,,,,,,,,,,,,,,,,,,,,,,,,,,,,,,,,,,,,,,,,,,,,,,,,,,,,,
,,,,,,,,,,,,,,,618522,001,2024-12-07_13h04.07.781,test,2024.1.4,Win32,59.52380952,674841e51ddba29a9dee134e,67546f35f927709209cd55ea,67548d8adc0c853401c11a3b,,,,,,,,,,,,,,,,,,,,,,,,,,,,,,,,,,,,,,,,,,,,,,,,,,,,,,,,,,,,,,267,block_1,,,,,,,,,,,,,,,,,,,shape_2,shape_2,shape_2,shape_2,shape_2,2,2,267,,,,,,,,,,,,,,,,,,,,,,,,,,,,,,,,,,,,,,,,,,,,,,,,,,,,,,,,,,,,,,,,,,,,,,,,,,,,,,,,,,,,,,,,,,,2100.8829,160,76,2102.3709,2102.371,2102.6884,left,1,2102.6885,2102.7889,2102.789,2102.9396,space,0.1321,,0,166,166,266,1,0.2958,,,,,,,,,,,,,,,,,,,,,,,,,,,,,,,,,,,,,,,,,,,,,,,,,,,,,,,,,
,,,,,,,,,,,,,,,618522,001,2024-12-07_13h04.07.781,test,2024.1.4,Win32,59.52380952,674841e51ddba29a9dee134e,67546f35f927709209cd55ea,67548d8adc0c853401c11a3b,,,,,,,,,,,,,,,,,,,,,,,,,,,,,,,,,,,,,,,,,,,,,,,,,,,,,,,,,,,,,,44,block_1,,,,,,,,,,,,,,,,,,,shape_3,shape_4,shape_1,shape_3,shape_3,1,1,44,,,,,,,,,,,,,,,,,,,,,,,,,,,,,,,,,,,,,,,,,,,,,,,,,,,,,,,,,,,,,,,,,,,,,,,,,,,,,,,,,,,,,,,,,,,2102.9401,161,77,2104.4444,2104.4444,2104.7623,left,0,2104.7624,2104.8625,2104.8626,2105.0466,space,0.161,,0,167,167,43,1,0.3006,,,,,,,,,,,,,,,,,,,,,,,,,,,,,,,,,,,,,,,,,,,,,,,,,,,,,,,,,
,,,,,,,,,,,,,,,618522,001,2024-12-07_13h04.07.781,test,2024.1.4,Win32,59.52380952,674841e51ddba29a9dee134e,67546f35f927709209cd55ea,67548d8adc0c853401c11a3b,,,,,,,,,,,,,,,,,,,,,,,,,,,,,,,,,,,,,,,,,,,,,,,,,,,,,,,,,,,,,,167,block_1,,,,,,,,,,,,,,,,,,,shape_2,shape_1,shape_2,shape_1,shape_2,2,2,167,,,,,,,,,,,,,,,,,,,,,,,,,,,,,,,,,,,,,,,,,,,,,,,,,,,,,,,,,,,,,,,,,,,,,,,,,,,,,,,,,,,,,,,,,,,2105.0471,162,76,2106.5351,2106.5352,2106.5851,right,0,2106.5853,2106.6857,2106.6858,2106.9531,space,0.2468,,0,168,168,166,1,0.0298,,,,,,,,,,,,,,,,,,,,,,,,,,,,,,,,,,,,,,,,,,,,,,,,,,,,,,,,,
,,,,,,,,,,,,,,,618522,001,2024-12-07_13h04.07.781,test,2024.1.4,Win32,59.52380952,674841e51ddba29a9dee134e,67546f35f927709209cd55ea,67548d8adc0c853401c11a3b,,,,,,,,,,,,,,,,,,,,,,,,,,,,,,,,,,,,,,,,,,,,,,,,,,,,,,,,,,,,,,141,block_1,,,,,,,,,,,,,,,,,,,shape_3,shape_4,shape_4,shape_3,shape_3,1,1,141,,,,,,,,,,,,,,,,,,,,,,,,,,,,,,,,,,,,,,,,,,,,,,,,,,,,,,,,,,,,,,,,,,,,,,,,,,,,,,,,,,,,,,,,,,,2106.9537,163,75,2108.4416,2108.4417,2108.7092,right,1,2108.7093,2108.8095,2108.8096,2108.9602,space,0.1281,,0,169,169,140,1,0.2457,,,,,,,,,,,,,,,,,,,,,,,,,,,,,,,,,,,,,,,,,,,,,,,,,,,,,,,,,
,,,,,,,,,,,,,,,618522,001,2024-12-07_13h04.07.781,test,2024.1.4,Win32,59.52380952,674841e51ddba29a9dee134e,67546f35f927709209cd55ea,67548d8adc0c853401c11a3b,,,,,,,,,,,,,,,,,,,,,,,,,,,,,,,,,,,,,,,,,,,,,,,,,,,,,,,,,,,,,,89,block_1,,,,,,,,,,,,,,,,,,,shape_2,shape_3,shape_2,shape_4,shape_4,1,1,89,,,,,,,,,,,,,,,,,,,,,,,,,,,,,,,,,,,,,,,,,,,,,,,,,,,,,,,,,,,,,,,,,,,,,,,,,,,,,,,,,,,,,,,,,,,2108.9607,164,76,2110.4651,2110.4652,2110.7328,right,1,2110.733,2110.8331,2110.8331,2110.9833,space,0.1294,,0,170,170,88,1,0.2457,,,,,,,,,,,,,,,,,,,,,,,,,,,,,,,,,,,,,,,,,,,,,,,,,,,,,,,,,
,,,,,,,,,,,,,,,618522,001,2024-12-07_13h04.07.781,test,2024.1.4,Win32,59.52380952,674841e51ddba29a9dee134e,67546f35f927709209cd55ea,67548d8adc0c853401c11a3b,,,,,,,,,,,,,,,,,,,,,,,,,,,,,,,,,,,,,,,,,,,,,,,,,,,,,,,,,,,,,,118,block_1,,,,,,,,,,,,,,,,,,,shape_3,shape_3,shape_4,shape_4,shape_2,1,1,118,,,,,,,,,,,,,,,,,,,,,,,,,,,,,,,,,,,,,,,,,,,,,,,,,,,,,,,,,,,,,,,,,,,,,,,,,,,,,,,,,,,,,,,,,,,2110.9837,165,77,2112.4721,2112.4721,2112.6399,right,1,2112.6399,2112.7398,2112.7399,2112.8902,space,0.1364,,0,171,171,117,1,0.154,,,,,,,,,,,,,,,,,,,,,,,,,,,,,,,,,,,,,,,,,,,,,,,,,,,,,,,,,
,,,,,,,,,,,,,,,618522,001,2024-12-07_13h04.07.781,test,2024.1.4,Win32,59.52380952,674841e51ddba29a9dee134e,67546f35f927709209cd55ea,67548d8adc0c853401c11a3b,,,,,,,,,,,,,,,,,,,,,,,,,,,,,,,,,,,,,,,,,,,,,,,,,,,,,,,,,,,,,,13,block_1,,,,,,,,,,,,,,,,,,,shape_2,shape_1,shape_2,shape_3,shape_3,1,2,13,,,,,,,,,,,,,,,,,,,,,,,,,,,,,,,,,,,,,,,,,,,,,,,,,,,,,,,,,,,,,,,,,,,,,,,,,,,,,,,,,,,,,,,,,,,2112.8907,166,78,2114.3786,2114.3787,2114.7465,left,0,2114.7465,2114.847,2114.8471,2114.9639,space,0.0966,,0,172,172,12,1,0.3465,,,,,,,,,,,,,,,,,,,,,,,,,,,,,,,,,,,,,,,,,,,,,,,,,,,,,,,,,
,,,,,,,,,,,,,,,618522,001,2024-12-07_13h04.07.781,test,2024.1.4,Win32,59.52380952,674841e51ddba29a9dee134e,67546f35f927709209cd55ea,67548d8adc0c853401c11a3b,,,,,,,,,,,,,,,,,,,,,,,,,,,,,,,,,,,,,,,,,,,,,,,,,,,,,,,,,,,,,,103,block_1,,,,,,,,,,,,,,,,,,,shape_3,shape_3,shape_3,shape_4,shape_2,1,1,103,,,,,,,,,,,,,,,,,,,,,,,,,,,,,,,,,,,,,,,,,,,,,,,,,,,,,,,,,,,,,,,,,,,,,,,,,,,,,,,,,,,,,,,,,,,2114.9645,167,77,2116.4691,2116.4693,2116.5525,right,1,2116.5527,2116.6532,2116.6533,2116.8871,space,0.2115,,0,173,173,102,1,0.0668,,,,,,,,,,,,,,,,,,,,,,,,,,,,,,,,,,,,,,,,,,,,,,,,,,,,,,,,,
,,,,,,,,,,,,,,,618522,001,2024-12-07_13h04.07.781,test,2024.1.4,Win32,59.52380952,674841e51ddba29a9dee134e,67546f35f927709209cd55ea,67548d8adc0c853401c11a3b,,,,,,,,,,,,,,,,,,,,,,,,,,,,,,,,,,,,,,,,,,,,,,,,,,,,,,,,,,,,,,182,block_1,,,,,,,,,,,,,,,,,,,shape_1,shape_1,shape_3,shape_2,shape_2,2,2,182,,,,,,,,,,,,,,,,,,,,,,,,,,,,,,,,,,,,,,,,,,,,,,,,,,,,,,,,,,,,,,,,,,,,,,,,,,,,,,,,,,,,,,,,,,,2116.8877,168,78,2118.3759,2118.3759,2118.6267,left,1,2118.6269,2118.727,2118.727,2118.9947,space,0.248,,0,174,174,181,1,0.2372,,,,,,,,,,,,,,,,,,,,,,,,,,,,,,,,,,,,,,,,,,,,,,,,,,,,,,,,,
,,,,,,,,,,,,,,,618522,001,2024-12-07_13h04.07.781,test,2024.1.4,Win32,59.52380952,674841e51ddba29a9dee134e,67546f35f927709209cd55ea,67548d8adc0c853401c11a3b,,,,,,,,,,,,,,,,,,,,,,,,,,,,,,,,,,,,,,,,,,,,,,,,,,,,,,,,,,,,,,97,block_1,,,,,,,,,,,,,,,,,,,shape_3,shape_3,shape_3,shape_2,shape_3,1,1,97,,,,,,,,,,,,,,,,,,,,,,,,,,,,,,,,,,,,,,,,,,,,,,,,,,,,,,,,,,,,,,,,,,,,,,,,,,,,,,,,,,,,,,,,,,,2118.9952,169,79,2120.4996,2120.4997,2120.784,right,1,2120.7841,2120.8843,2120.8844,2121.152,space,0.2527,,0,175,175,96,1,0.2628,,,,,,,,,,,,,,,,,,,,,,,,,,,,,,,,,,,,,,,,,,,,,,,,,,,,,,,,,
,,,,,,,,,,,,,,,618522,001,2024-12-07_13h04.07.781,test,2024.1.4,Win32,59.52380952,674841e51ddba29a9dee134e,67546f35f927709209cd55ea,67548d8adc0c853401c11a3b,,,,,,,,,,,,,,,,,,,,,,,,,,,,,,,,,,,,,,,,,,,,,,,,,,,,,,,,,,,,,,173,block_1,,,,,,,,,,,,,,,,,,,shape_2,shape_1,shape_2,shape_1,shape_2,2,2,173,,,,,,,,,,,,,,,,,,,,,,,,,,,,,,,,,,,,,,,,,,,,,,,,,,,,,,,,,,,,,,,,,,,,,,,,,,,,,,,,,,,,,,,,,,,2121.1526,170,80,2122.6571,2122.6571,2122.958,left,1,2122.9581,2123.0585,2123.0585,2123.192,space,0.1199,,0,176,176,172,1,0.2795,,,,,,,,,,,,,,,,,,,,,,,,,,,,,,,,,,,,,,,,,,,,,,,,,,,,,,,,,
,,,,,,,,,,,,,,,618522,001,2024-12-07_13h04.07.781,test,2024.1.4,Win32,59.52380952,674841e51ddba29a9dee134e,67546f35f927709209cd55ea,67548d8adc0c853401c11a3b,,,,,,,,,,,,,,,,,,,,,,,,,,,,,,,,,,,,,,,,,,,,,,,,,,,,,,,,,,,,,,184,block_1,,,,,,,,,,,,,,,,,,,shape_1,shape_1,shape_3,shape_2,shape_2,2,2,184,,,,,,,,,,,,,,,,,,,,,,,,,,,,,,,,,,,,,,,,,,,,,,,,,,,,,,,,,,,,,,,,,,,,,,,,,,,,,,,,,,,,,,,,,,,2123.1926,171,81,2124.6969,2124.6971,2125.0819,left,1,2125.0819,2125.1823,2125.1824,2125.2826,space,0.0804,,0,177,177,183,1,0.3705,,,,,,,,,,,,,,,,,,,,,,,,,,,,,,,,,,,,,,,,,,,,,,,,,,,,,,,,,
,,,,,,,,,,,,,,,618522,001,2024-12-07_13h04.07.781,test,2024.1.4,Win32,59.52380952,674841e51ddba29a9dee134e,67546f35f927709209cd55ea,67548d8adc0c853401c11a3b,,,,,,,,,,,,,,,,,,,,,,,,,,,,,,,,,,,,,,,,,,,,,,,,,,,,,,,,,,,,,,20,block_1,,,,,,,,,,,,,,,,,,,shape_2,shape_2,shape_1,shape_4,shape_3,1,2,20,,,,,,,,,,,,,,,,,,,,,,,,,,,,,,,,,,,,,,,,,,,,,,,,,,,,,,,,,,,,,,,,,,,,,,,,,,,,,,,,,,,,,,,,,,,2125.2833,172,82,2126.7877,2126.7879,2127.1221,right,1,2127.1223,2127.2228,2127.2229,2127.3398,space,0.0978,,0,178,178,19,1,0.3135,,,,,,,,,,,,,,,,,,,,,,,,,,,,,,,,,,,,,,,,,,,,,,,,,,,,,,,,,
,,,,,,,,,,,,,,,618522,001,2024-12-07_13h04.07.781,test,2024.1.4,Win32,59.52380952,674841e51ddba29a9dee134e,67546f35f927709209cd55ea,67548d8adc0c853401c11a3b,,,,,,,,,,,,,,,,,,,,,,,,,,,,,,,,,,,,,,,,,,,,,,,,,,,,,,,,,,,,,,80,block_1,,,,,,,,,,,,,,,,,,,shape_3,shape_3,shape_2,shape_2,shape_4,1,1,80,,,,,,,,,,,,,,,,,,,,,,,,,,,,,,,,,,,,,,,,,,,,,,,,,,,,,,,,,,,,,,,,,,,,,,,,,,,,,,,,,,,,,,,,,,,2127.3402,173,83,2128.8283,2128.8283,2129.129,right,1,2129.1291,2129.2296,2129.2297,2129.3632,space,0.1136,,0,179,179,79,1,0.2765,,,,,,,,,,,,,,,,,,,,,,,,,,,,,,,,,,,,,,,,,,,,,,,,,,,,,,,,,
,,,,,,,,,,,,,,,618522,001,2024-12-07_13h04.07.781,test,2024.1.4,Win32,59.52380952,674841e51ddba29a9dee134e,67546f35f927709209cd55ea,67548d8adc0c853401c11a3b,,,,,,,,,,,,,,,,,,,,,,,,,,,,,,,,,,,,,,,,,,,,,,,,,,,,,,,,,,,,,,60,block_1,,,,,,,,,,,,,,,,,,,shape_2,shape_2,shape_3,shape_2,shape_4,1,1,60,,,,,,,,,,,,,,,,,,,,,,,,,,,,,,,,,,,,,,,,,,,,,,,,,,,,,,,,,,,,,,,,,,,,,,,,,,,,,,,,,,,,,,,,,,,2129.3639,174,84,2130.8685,2130.8686,2131.1859,right,1,2131.186,2131.2867,2131.2868,2131.5208,space,0.2165,,0,180,180,59,1,0.3003,,,,,,,,,,,,,,,,,,,,,,,,,,,,,,,,,,,,,,,,,,,,,,,,,,,,,,,,,
,,,,,,,,,,,,,,,618522,001,2024-12-07_13h04.07.781,test,2024.1.4,Win32,59.52380952,674841e51ddba29a9dee134e,67546f35f927709209cd55ea,67548d8adc0c853401c11a3b,,,,,,,,,,,,,,,,,,,,,,,,,,,,,,,,,,,,,,,,,,,,,,,,,,,,,,,,,,,,,,163,block_1,,,,,,,,,,,,,,,,,,,shape_1,shape_1,shape_1,shape_2,shape_4,2,2,163,,,,,,,,,,,,,,,,,,,,,,,,,,,,,,,,,,,,,,,,,,,,,,,,,,,,,,,,,,,,,,,,,,,,,,,,,,,,,,,,,,,,,,,,,,,2131.5213,175,85,2133.0093,2133.0094,2133.193,left,1,2133.1932,2133.2933,2133.2933,2133.4941,space,0.1827,,0,181,181,162,1,0.1672,,,,,,,,,,,,,,,,,,,,,,,,,,,,,,,,,,,,,,,,,,,,,,,,,,,,,,,,,
,,,,,,,,,,,,,,,618522,001,2024-12-07_13h04.07.781,test,2024.1.4,Win32,59.52380952,674841e51ddba29a9dee134e,67546f35f927709209cd55ea,67548d8adc0c853401c11a3b,,,,,,,,,,,,,,,,,,,,,,,,,,,,,,,,,,,,,,,,,,,,,,,,,,,,,,,,,,,,,,189,block_1,,,,,,,,,,,,,,,,,,,shape_2,shape_1,shape_2,shape_4,shape_1,2,2,189,,,,,,,,,,,,,,,,,,,,,,,,,,,,,,,,,,,,,,,,,,,,,,,,,,,,,,,,,,,,,,,,,,,,,,,,,,,,,,,,,,,,,,,,,,,2133.4945,176,86,2134.9826,2134.9827,2135.2835,left,1,2135.2835,2135.3842,2135.3842,2135.4844,space,0.0804,,0,182,182,188,1,0.2872,,,,,,,,,,,,,,,,,,,,,,,,,,,,,,,,,,,,,,,,,,,,,,,,,,,,,,,,,
,,,,,,,,,,,,,,,618522,001,2024-12-07_13h04.07.781,test,2024.1.4,Win32,59.52380952,674841e51ddba29a9dee134e,67546f35f927709209cd55ea,67548d8adc0c853401c11a3b,,,,,,,,,,,,,,,,,,,,,,,,,,,,,,,,,,,,,,,,,,,,,,,,,,,,,,,,,,,,,,207,block_1,,,,,,,,,,,,,,,,,,,shape_3,shape_4,shape_1,shape_1,shape_3,2,2,207,,,,,,,,,,,,,,,,,,,,,,,,,,,,,,,,,,,,,,,,,,,,,,,,,,,,,,,,,,,,,,,,,,,,,,,,,,,,,,,,,,,,,,,,,,,2135.4849,177,87,2136.9896,2136.9896,2137.3071,right,0,2137.3072,2137.4077,2137.4077,2137.4742,space,0.0436,,0,183,183,206,1,0.2975,,,,,,,,,,,,,,,,,,,,,,,,,,,,,,,,,,,,,,,,,,,,,,,,,,,,,,,,,
,,,,,,,,,,,,,,,618522,001,2024-12-07_13h04.07.781,test,2024.1.4,Win32,59.52380952,674841e51ddba29a9dee134e,67546f35f927709209cd55ea,67548d8adc0c853401c11a3b,,,,,,,,,,,,,,,,,,,,,,,,,,,,,,,,,,,,,,,,,,,,,,,,,,,,,,,,,,,,,,35,block_1,,,,,,,,,,,,,,,,,,,shape_2,shape_4,shape_4,shape_1,shape_3,1,1,35,,,,,,,,,,,,,,,,,,,,,,,,,,,,,,,,,,,,,,,,,,,,,,,,,,,,,,,,,,,,,,,,,,,,,,,,,,,,,,,,,,,,,,,,,,,2137.4746,178,86,2138.9628,2138.9628,2139.3144,right,1,2139.3144,2139.4145,2139.4146,2139.5984,space,0.1618,,0,184,184,34,1,0.3391,,,,,,,,,,,,,,,,,,,,,,,,,,,,,,,,,,,,,,,,,,,,,,,,,,,,,,,,,
,,,,,,,,,,,,,,,618522,001,2024-12-07_13h04.07.781,test,2024.1.4,Win32,59.52380952,674841e51ddba29a9dee134e,67546f35f927709209cd55ea,67548d8adc0c853401c11a3b,,,,,,,,,,,,,,,,,,,,,,,,,,,,,,,,,,,,,,,,,,,,,,,,,,,,,,,,,,,,,,232,block_1,,,,,,,,,,,,,,,,,,,shape_2,shape_3,shape_3,shape_2,shape_1,2,2,232,,,,,,,,,,,,,,,,,,,,,,,,,,,,,,,,,,,,,,,,,,,,,,,,,,,,,,,,,,,,,,,,,,,,,,,,,,,,,,,,,,,,,,,,,,,2139.5991,179,87,2141.1035,2141.1036,2141.5216,left,1,2141.5217,2141.622,2141.622,2141.7396,space,0.1048,,0,185,185,231,1,0.3958,,,,,,,,,,,,,,,,,,,,,,,,,,,,,,,,,,,,,,,,,,,,,,,,,,,,,,,,,
,,,,,,,,,,,,,,,618522,001,2024-12-07_13h04.07.781,test,2024.1.4,Win32,59.52380952,674841e51ddba29a9dee134e,67546f35f927709209cd55ea,67548d8adc0c853401c11a3b,,,,,,,,,,,,,,,,,,,,,,,,,,,,,,,,,,,,,,,,,,,,,,,,,,,,,,,,,,,,,,41,block_1,,,,,,,,,,,,,,,,,,,shape_3,shape_3,shape_3,shape_1,shape_3,1,1,41,,,,,,,,,,,,,,,,,,,,,,,,,,,,,,,,,,,,,,,,,,,,,,,,,,,,,,,,,,,,,,,,,,,,,,,,,,,,,,,,,,,,,,,,,,,2141.74,180,88,2143.2443,2143.2444,2143.5787,right,1,2143.5788,2143.6792,2143.6792,2143.8295,space,0.1366,,0,186,186,40,1,0.3113,,,,,,,,,,,,,,,,,,,,,,,,,,,,,,,,,,,,,,,,,,,,,,,,,,,,,,,,,
,,,,,,,,,,,,,,,618522,001,2024-12-07_13h04.07.781,test,2024.1.4,Win32,59.52380952,674841e51ddba29a9dee134e,67546f35f927709209cd55ea,67548d8adc0c853401c11a3b,,,,,,,,,,,,,,,,,,,,,,,,,,,,,,,,,,,,,,,,,,,,,,,,,,,,,,,,,,,,,,213,block_1,,,,,,,,,,,,,,,,,,,shape_2,shape_3,shape_2,shape_2,shape_1,2,2,213,,,,,,,,,,,,,,,,,,,,,,,,,,,,,,,,,,,,,,,,,,,,,,,,,,,,,,,,,,,,,,,,,,,,,,,,,,,,,,,,,,,,,,,,,,,2143.8301,181,89,2145.3182,2145.3182,2145.7025,left,1,2145.7027,2145.803,2145.8031,2145.9033,space,0.0853,,0,187,187,212,1,0.3636,,,,,,,,,,,,,,,,,,,,,,,,,,,,,,,,,,,,,,,,,,,,,,,,,,,,,,,,,
,,,,,,,,,,,,,,,618522,001,2024-12-07_13h04.07.781,test,2024.1.4,Win32,59.52380952,674841e51ddba29a9dee134e,67546f35f927709209cd55ea,67548d8adc0c853401c11a3b,,,,,,,,,,,,,,,,,,,,,,,,,,,,,,,,,,,,,,,,,,,,,,,,,,,,,,,,,,,,,,282,block_1,,,,,,,,,,,,,,,,,,,shape_2,shape_3,shape_2,shape_2,shape_3,2,2,282,,,,,,,,,,,,,,,,,,,,,,,,,,,,,,,,,,,,,,,,,,,,,,,,,,,,,,,,,,,,,,,,,,,,,,,,,,,,,,,,,,,,,,,,,,,2145.904,182,90,2147.3919,2147.392,2147.6593,right,0,2147.6594,2147.7598,2147.7599,2147.8265,space,0.0443,,0,188,188,281,1,0.2502,,,,,,,,,,,,,,,,,,,,,,,,,,,,,,,,,,,,,,,,,,,,,,,,,,,,,,,,,
,,,,,,,,,,,,,,,618522,001,2024-12-07_13h04.07.781,test,2024.1.4,Win32,59.52380952,674841e51ddba29a9dee134e,67546f35f927709209cd55ea,67548d8adc0c853401c11a3b,,,,,,,,,,,,,,,,,,,,,,,,,,,,,,,,,,,,,,,,,,,,,,,,,,,,,,,,,,,,,,280,block_1,,,,,,,,,,,,,,,,,,,shape_2,shape_3,shape_2,shape_2,shape_3,2,2,280,,,,,,,,,,,,,,,,,,,,,,,,,,,,,,,,,,,,,,,,,,,,,,,,,,,,,,,,,,,,,,,,,,,,,,,,,,,,,,,,,,,,,,,,,,,2147.8271,183,89,2149.3152,2149.3152,2149.6996,right,0,2149.6998,2149.8002,2149.8002,2149.9339,space,0.1133,,0,189,189,279,1,0.3651,,,,,,,,,,,,,,,,,,,,,,,,,,,,,,,,,,,,,,,,,,,,,,,,,,,,,,,,,
,,,,,,,,,,,,,,,618522,001,2024-12-07_13h04.07.781,test,2024.1.4,Win32,59.52380952,674841e51ddba29a9dee134e,67546f35f927709209cd55ea,67548d8adc0c853401c11a3b,,,,,,,,,,,,,,,,,,,,,,,,,,,,,,,,,,,,,,,,,,,,,,,,,,,,,,,,,,,,,,252,block_1,,,,,,,,,,,,,,,,,,,shape_3,shape_2,shape_3,shape_1,shape_3,2,2,252,,,,,,,,,,,,,,,,,,,,,,,,,,,,,,,,,,,,,,,,,,,,,,,,,,,,,,,,,,,,,,,,,,,,,,,,,,,,,,,,,,,,,,,,,,,2149.9344,184,88,2151.4389,2151.439,2151.7065,left,1,2151.7066,2151.807,2151.807,2151.9406,space,0.117,,0,190,190,251,1,0.251,,,,,,,,,,,,,,,,,,,,,,,,,,,,,,,,,,,,,,,,,,,,,,,,,,,,,,,,,
,,,,,,,,,,,,,,,618522,001,2024-12-07_13h04.07.781,test,2024.1.4,Win32,59.52380952,674841e51ddba29a9dee134e,67546f35f927709209cd55ea,67548d8adc0c853401c11a3b,,,,,,,,,,,,,,,,,,,,,,,,,,,,,,,,,,,,,,,,,,,,,,,,,,,,,,,,,,,,,,5,block_1,,,,,,,,,,,,,,,,,,,shape_1,shape_4,shape_2,shape_3,shape_1,1,2,5,,,,,,,,,,,,,,,,,,,,,,,,,,,,,,,,,,,,,,,,,,,,,,,,,,,,,,,,,,,,,,,,,,,,,,,,,,,,,,,,,,,,,,,,,,,2151.9413,185,89,2153.4457,2153.4459,2153.8472,left,0,2153.8473,2153.9478,2153.9478,2154.0981,space,0.1313,,0,191,191,4,1,0.3794,,,,,,,,,,,,,,,,,,,,,,,,,,,,,,,,,,,,,,,,,,,,,,,,,,,,,,,,,
,,,,,,,,,,,,,,,618522,001,2024-12-07_13h04.07.781,test,2024.1.4,Win32,59.52380952,674841e51ddba29a9dee134e,67546f35f927709209cd55ea,67548d8adc0c853401c11a3b,,,,,,,,,,,,,,,,,,,,,,,,,,,,,,,,,,,,,,,,,,,,,,,,,,,,,,,,,,,,,,86,block_1,,,,,,,,,,,,,,,,,,,shape_2,shape_3,shape_2,shape_4,shape_4,1,1,86,,,,,,,,,,,,,,,,,,,,,,,,,,,,,,,,,,,,,,,,,,,,,,,,,,,,,,,,,,,,,,,,,,,,,,,,,,,,,,,,,,,,,,,,,,,2154.0987,186,88,2155.5869,2155.587,2155.8706,right,1,2155.8708,2155.971,2155.9711,2156.0881,space,0.0994,,0,192,192,85,1,0.267,,,,,,,,,,,,,,,,,,,,,,,,,,,,,,,,,,,,,,,,,,,,,,,,,,,,,,,,,
,,,,,,,,,,,,,,,618522,001,2024-12-07_13h04.07.781,test,2024.1.4,Win32,59.52380952,674841e51ddba29a9dee134e,67546f35f927709209cd55ea,67548d8adc0c853401c11a3b,,,,,,,,,,,,,,,,,,,,,,,,,,,,,,,,,,,,,,,,,,,,,,,,,,,,,,,,,,,,,,30,block_1,,,,,,,,,,,,,,,,,,,shape_2,shape_4,shape_3,shape_3,shape_1,1,1,30,,,,,,,,,,,,,,,,,,,,,,,,,,,,,,,,,,,,,,,,,,,,,,,,,,,,,,,,,,,,,,,,,,,,,,,,,,,,,,,,,,,,,,,,,,,2156.0885,187,89,2157.5768,2157.5769,2157.8609,right,1,2157.8611,2157.9614,2157.9615,2158.0617,space,0.0803,,0,193,193,29,1,0.2699,,,,,,,,,,,,,,,,,,,,,,,,,,,,,,,,,,,,,,,,,,,,,,,,,,,,,,,,,
,,,,,,,,,,,,,,,618522,001,2024-12-07_13h04.07.781,test,2024.1.4,Win32,59.52380952,674841e51ddba29a9dee134e,67546f35f927709209cd55ea,67548d8adc0c853401c11a3b,,,,,,,,,,,,,,,,,,,,,,,,,,,,,,,,,,,,,,,,,,,,,,,,,,,,,,,,,,,,,,277,block_1,,,,,,,,,,,,,,,,,,,shape_2,shape_3,shape_2,shape_2,shape_3,2,2,277,,,,,,,,,,,,,,,,,,,,,,,,,,,,,,,,,,,,,,,,,,,,,,,,,,,,,,,,,,,,,,,,,,,,,,,,,,,,,,,,,,,,,,,,,,,2158.0623,188,90,2159.5669,2159.5671,2159.8679,left,1,2159.8679,2159.9683,2159.9684,2160.0852,space,0.0977,,0,194,194,276,1,0.2794,,,,,,,,,,,,,,,,,,,,,,,,,,,,,,,,,,,,,,,,,,,,,,,,,,,,,,,,,
,,,,,,,,,,,,,,,618522,001,2024-12-07_13h04.07.781,test,2024.1.4,Win32,59.52380952,674841e51ddba29a9dee134e,67546f35f927709209cd55ea,67548d8adc0c853401c11a3b,,,,,,,,,,,,,,,,,,,,,,,,,,,,,,,,,,,,,,,,,,,,,,,,,,,,,,,,,,,,,,72,block_1,,,,,,,,,,,,,,,,,,,shape_2,shape_3,shape_3,shape_2,shape_3,1,1,72,,,,,,,,,,,,,,,,,,,,,,,,,,,,,,,,,,,,,,,,,,,,,,,,,,,,,,,,,,,,,,,,,,,,,,,,,,,,,,,,,,,,,,,,,,,2160.0859,189,91,2161.5739,2161.574,2161.8747,right,1,2161.8748,2161.9751,2161.9752,2162.1265,space,0.1391,,0,195,195,71,1,0.2804,,,,,,,,,,,,,,,,,,,,,,,,,,,,,,,,,,,,,,,,,,,,,,,,,,,,,,,,,
,,,,,,,,,,,,,,,618522,001,2024-12-07_13h04.07.781,test,2024.1.4,Win32,59.52380952,674841e51ddba29a9dee134e,67546f35f927709209cd55ea,67548d8adc0c853401c11a3b,,,,,,,,,,,,,,,,,,,,,,,,,,,,,,,,,,,,,,,,,,,,,,,,,,,,,,,,,,,,,,259,block_1,,,,,,,,,,,,,,,,,,,shape_3,shape_3,shape_4,shape_2,shape_1,2,1,259,,,,,,,,,,,,,,,,,,,,,,,,,,,,,,,,,,,,,,,,,,,,,,,,,,,,,,,,,,,,,,,,,,,,,,,,,,,,,,,,,,,,,,,,,,,2162.127,190,92,2163.6309,2163.631,2164.0321,right,0,2164.0322,2164.1324,2164.1326,2164.3834,space,0.2346,,0,196,196,258,1,0.3822,,,,,,,,,,,,,,,,,,,,,,,,,,,,,,,,,,,,,,,,,,,,,,,,,,,,,,,,,
,,,,,,,,,,,,,,,618522,001,2024-12-07_13h04.07.781,test,2024.1.4,Win32,59.52380952,674841e51ddba29a9dee134e,67546f35f927709209cd55ea,67548d8adc0c853401c11a3b,,,,,,,,,,,,,,,,,,,,,,,,,,,,,,,,,,,,,,,,,,,,,,,,,,,,,,,,,,,,,,24,block_1,,,,,,,,,,,,,,,,,,,shape_3,shape_2,shape_3,shape_3,shape_1,1,2,24,,,,,,,,,,,,,,,,,,,,,,,,,,,,,,,,,,,,,,,,,,,,,,,,,,,,,,,,,,,,,,,,,,,,,,,,,,,,,,,,,,,,,,,,,,,2164.3839,191,91,2165.8718,2165.872,2166.29,left,0,2166.2902,2166.3902,2166.3903,2166.8587,space,0.4538,,0,197,197,23,1,0.3942,,,,,,,,,,,,,,,,,,,,,,,,,,,,,,,,,,,,,,,,,,,,,,,,,,,,,,,,,
,,,,,,,,,,,,,,,618522,001,2024-12-07_13h04.07.781,test,2024.1.4,Win32,59.52380952,674841e51ddba29a9dee134e,67546f35f927709209cd55ea,67548d8adc0c853401c11a3b,,,,,,,,,,,,,,,,,,,,,,,,,,,,,,,,,,,,,,,,,,,,,,,,,,,,,,,,,,,,,,159,block_1,,,,,,,,,,,,,,,,,,,shape_2,shape_1,shape_3,shape_1,shape_1,2,2,159,,,,,,,,,,,,,,,,,,,,,,,,,,,,,,,,,,,,,,,,,,,,,,,,,,,,,,,,,,,,,,,,,,,,,,,,,,,,,,,,,,,,,,,,,,,2166.8592,192,90,2168.3637,2168.3637,2168.7818,left,1,2168.782,2168.8823,2168.8824,2169.25,space,0.3474,,0,198,198,158,1,0.4002,,,,,,,,,,,,,,,,,,,,,,,,,,,,,,,,,,,,,,,,,,,,,,,,,,,,,,,,,
,,,,,,,,,,,,,,,618522,001,2024-12-07_13h04.07.781,test,2024.1.4,Win32,59.52380952,674841e51ddba29a9dee134e,67546f35f927709209cd55ea,67548d8adc0c853401c11a3b,,,,,,,,,,,,,,,,,,,,,,,,,,,,,,,,,,,,,,,,,,,,,,,,,,,,,,,,,,,,,,39,block_1,,,,,,,,,,,,,,,,,,,shape_2,shape_4,shape_4,shape_1,shape_3,1,1,39,,,,,,,,,,,,,,,,,,,,,,,,,,,,,,,,,,,,,,,,,,,,,,,,,,,,,,,,,,,,,,,,,,,,,,,,,,,,,,,,,,,,,,,,,,,2169.2506,193,91,2170.7386,2170.7388,2171.0396,right,1,2171.0397,2171.1402,2171.1402,2171.4409,space,0.2816,,0,199,199,38,1,0.2806,,,,,,,,,,,,,,,,,,,,,,,,,,,,,,,,,,,,,,,,,,,,,,,,,,,,,,,,,
,,,,,,,,,,,,,,,618522,001,2024-12-07_13h04.07.781,test,2024.1.4,Win32,59.52380952,674841e51ddba29a9dee134e,67546f35f927709209cd55ea,67548d8adc0c853401c11a3b,,,,,,,,,,,,,,,,,,,,,,,,,,,,,,,,,,,,,,,,,,,,,,,,,,,,,,,,,,,,,,36,block_1,,,,,,,,,,,,,,,,,,,shape_2,shape_4,shape_4,shape_1,shape_3,1,1,36,,,,,,,,,,,,,,,,,,,,,,,,,,,,,,,,,,,,,,,,,,,,,,,,,,,,,,,,,,,,,,,,,,,,,,,,,,,,,,,,,,,,,,,,,,,2171.4414,194,92,2172.9295,2172.9296,2173.2304,right,1,2173.2304,2173.3308,2173.3308,2173.4815,space,0.1308,,0,200,200,35,1,0.2785,,,,,,,,,,,,,,,,,,,,,,,,,,,,,,,,,,,,,,,,,,,,,,,,,,,,,,,,,
,,,,,,,,,,,,,,,618522,001,2024-12-07_13h04.07.781,test,2024.1.4,Win32,59.52380952,674841e51ddba29a9dee134e,67546f35f927709209cd55ea,67548d8adc0c853401c11a3b,,,,,,,,,,,,,,,,,,,,,,,,,,,,,,,,,,,,,,,,,,,,,,,,,,,,,,,,,,,,,,169,block_1,,,,,,,,,,,,,,,,,,,shape_2,shape_1,shape_2,shape_1,shape_2,2,2,169,,,,,,,,,,,,,,,,,,,,,,,,,,,,,,,,,,,,,,,,,,,,,,,,,,,,,,,,,,,,,,,,,,,,,,,,,,,,,,,,,,,,,,,,,,,2173.4821,195,93,2174.9868,2174.9868,2175.3377,left,1,2175.3378,2175.4378,2175.4379,2175.5716,space,0.1157,,0,201,201,168,1,0.3292,,,,,,,,,,,,,,,,,,,,,,,,,,,,,,,,,,,,,,,,,,,,,,,,,,,,,,,,,
,,,,,,,,,,,,,,,618522,001,2024-12-07_13h04.07.781,test,2024.1.4,Win32,59.52380952,674841e51ddba29a9dee134e,67546f35f927709209cd55ea,67548d8adc0c853401c11a3b,,,,,,,,,,,,,,,,,,,,,,,,,,,,,,,,,,,,,,,,,,,,,,,,,,,,,,,,,,,,,,25,block_1,,,,,,,,,,,,,,,,,,,shape_3,shape_2,shape_3,shape_3,shape_1,1,2,25,,,,,,,,,,,,,,,,,,,,,,,,,,,,,,,,,,,,,,,,,,,,,,,,,,,,,,,,,,,,,,,,,,,,,,,,,,,,,,,,,,,,,,,,,,,2175.5722,196,94,2177.0604,2177.0605,2177.4114,right,1,2177.4115,2177.5116,2177.5116,2177.7292,space,0.2076,,0,202,202,24,1,0.3274,,,,,,,,,,,,,,,,,,,,,,,,,,,,,,,,,,,,,,,,,,,,,,,,,,,,,,,,,
,,,,,,,,,,,,,,,618522,001,2024-12-07_13h04.07.781,test,2024.1.4,Win32,59.52380952,674841e51ddba29a9dee134e,67546f35f927709209cd55ea,67548d8adc0c853401c11a3b,,,,,,,,,,,,,,,,,,,,,,,,,,,,,,,,,,,,,,,,,,,,,,,,,,,,,,,,,,,,,,126,block_1,,,,,,,,,,,,,,,,,,,shape_2,shape_4,shape_3,shape_4,shape_4,1,1,126,,,,,,,,,,,,,,,,,,,,,,,,,,,,,,,,,,,,,,,,,,,,,,,,,,,,,,,,,,,,,,,,,,,,,,,,,,,,,,,,,,,,,,,,,,,2177.7298,197,95,2179.2344,2179.2346,2179.5353,right,1,2179.5354,2179.6355,2179.6355,2179.7861,space,0.1336,,0,203,203,125,1,0.2771,,,,,,,,,,,,,,,,,,,,,,,,,,,,,,,,,,,,,,,,,,,,,,,,,,,,,,,,,
,,,,,,,,,,,,,,,618522,001,2024-12-07_13h04.07.781,test,2024.1.4,Win32,59.52380952,674841e51ddba29a9dee134e,67546f35f927709209cd55ea,67548d8adc0c853401c11a3b,,,,,,,,,,,,,,,,,,,,,,,,,,,,,,,,,,,,,,,,,,,,,,,,,,,,,,,,,,,,,,269,block_1,,,,,,,,,,,,,,,,,,,shape_2,shape_2,shape_3,shape_2,shape_2,2,2,269,,,,,,,,,,,,,,,,,,,,,,,,,,,,,,,,,,,,,,,,,,,,,,,,,,,,,,,,,,,,,,,,,,,,,,,,,,,,,,,,,,,,,,,,,,,2179.7868,198,96,2181.2915,2181.2917,2181.4922,left,1,2181.4922,2181.5927,2181.5927,2181.7261,space,0.1138,,0,204,204,268,1,0.1772,,,,,,,,,,,,,,,,,,,,,,,,,,,,,,,,,,,,,,,,,,,,,,,,,,,,,,,,,
,,,,,,,,,,,,,,,618522,001,2024-12-07_13h04.07.781,test,2024.1.4,Win32,59.52380952,674841e51ddba29a9dee134e,67546f35f927709209cd55ea,67548d8adc0c853401c11a3b,,,,,,,,,,,,,,,,,,,,,,,,,,,,,,,,,,,,,,,,,,,,,,,,,,,,,,,,,,,,,,266,block_1,,,,,,,,,,,,,,,,,,,shape_4,shape_1,shape_3,shape_4,shape_3,2,1,266,,,,,,,,,,,,,,,,,,,,,,,,,,,,,,,,,,,,,,,,,,,,,,,,,,,,,,,,,,,,,,,,,,,,,,,,,,,,,,,,,,,,,,,,,,,2181.727,199,97,2183.2315,2183.2315,2183.5827,right,0,2183.5828,2183.6832,2183.6832,2183.8502,space,0.1451,,0,205,205,265,1,0.3294,,,,,,,,,,,,,,,,,,,,,,,,,,,,,,,,,,,,,,,,,,,,,,,,,,,,,,,,,
,,,,,,,,,,,,,,,618522,001,2024-12-07_13h04.07.781,test,2024.1.4,Win32,59.52380952,674841e51ddba29a9dee134e,67546f35f927709209cd55ea,67548d8adc0c853401c11a3b,,,,,,,,,,,,,,,,,,,,,,,,,,,,,,,,,,,,,,,,,,,,,,,,,,,,,,,,,,,,,,236,block_1,,,,,,,,,,,,,,,,,,,shape_2,shape_3,shape_3,shape_2,shape_1,2,2,236,,,,,,,,,,,,,,,,,,,,,,,,,,,,,,,,,,,,,,,,,,,,,,,,,,,,,,,,,,,,,,,,,,,,,,,,,,,,,,,,,,,,,,,,,,,2183.8509,200,96,2185.3556,2185.3556,2185.7066,right,0,2185.7067,2185.8071,2185.8071,2186.0076,space,0.1806,,0,206,206,235,1,0.3269,,,,,,,,,,,,,,,,,,,,,,,,,,,,,,,,,,,,,,,,,,,,,,,,,,,,,,,,,
,,,,,,,,,,,,,,,618522,001,2024-12-07_13h04.07.781,test,2024.1.4,Win32,59.52380952,674841e51ddba29a9dee134e,67546f35f927709209cd55ea,67548d8adc0c853401c11a3b,,,,,,,,,,,,,,,,,,,,,,,,,,,,,,,,,,,,,,,,,,,,,,,,,,,,,,,,,,,,,,299,block_1,,,,,,,,,,,,,,,,,,,shape_2,shape_4,shape_3,shape_3,shape_3,2,1,299,,,,,,,,,,,,,,,,,,,,,,,,,,,,,,,,,,,,,,,,,,,,,,,,,,,,,,,,,,,,,,,,,,,,,,,,,,,,,,,,,,,,,,,,,,,2186.0082,201,95,2187.4961,2187.4961,2187.7133,right,0,2187.7135,2187.8138,2187.814,2187.981,space,0.1475,,0,207,207,298,1,0.2011,,,,,,,,,,,,,,,,,,,,,,,,,,,,,,,,,,,,,,,,,,,,,,,,,,,,,,,,,
,,,,,,,,,,,,,,,618522,001,2024-12-07_13h04.07.781,test,2024.1.4,Win32,59.52380952,674841e51ddba29a9dee134e,67546f35f927709209cd55ea,67548d8adc0c853401c11a3b,,,,,,,,,,,,,,,,,,,,,,,,,,,,,,,,,,,,,,,,,,,,,,,,,,,,,,,,,,,,,,143,block_1,,,,,,,,,,,,,,,,,,,shape_3,shape_4,shape_4,shape_3,shape_3,1,1,143,,,,,,,,,,,,,,,,,,,,,,,,,,,,,,,,,,,,,,,,,,,,,,,,,,,,,,,,,,,,,,,,,,,,,,,,,,,,,,,,,,,,,,,,,,,2187.9816,202,94,2189.4696,2189.4697,2189.8039,right,1,2189.8041,2189.9044,2189.9044,2190.1049,space,0.1794,,0,208,208,142,1,0.3129,,,,,,,,,,,,,,,,,,,,,,,,,,,,,,,,,,,,,,,,,,,,,,,,,,,,,,,,,
,,,,,,,,,,,,,,,618522,001,2024-12-07_13h04.07.781,test,2024.1.4,Win32,59.52380952,674841e51ddba29a9dee134e,67546f35f927709209cd55ea,67548d8adc0c853401c11a3b,,,,,,,,,,,,,,,,,,,,,,,,,,,,,,,,,,,,,,,,,,,,,,,,,,,,,,,,,,,,,,136,block_1,,,,,,,,,,,,,,,,,,,shape_4,shape_3,shape_3,shape_3,shape_3,1,1,136,,,,,,,,,,,,,,,,,,,,,,,,,,,,,,,,,,,,,,,,,,,,,,,,,,,,,,,,,,,,,,,,,,,,,,,,,,,,,,,,,,,,,,,,,,,2190.1055,203,95,2191.5934,2191.5935,2191.9112,right,1,2191.9113,2192.0117,2192.0117,2192.3124,space,0.2813,,0,209,209,135,1,0.2938,,,,,,,,,,,,,,,,,,,,,,,,,,,,,,,,,,,,,,,,,,,,,,,,,,,,,,,,,
,,,,,,,,,,,,,,,618522,001,2024-12-07_13h04.07.781,test,2024.1.4,Win32,59.52380952,674841e51ddba29a9dee134e,67546f35f927709209cd55ea,67548d8adc0c853401c11a3b,,,,,,,,,,,,,,,,,,,,,,,,,,,,,,,,,,,,,,,,,,,,,,,,,,,,,,,,,,,,,,74,block_1,,,,,,,,,,,,,,,,,,,shape_3,shape_3,shape_2,shape_2,shape_4,1,1,74,,,,,,,,,,,,,,,,,,,,,,,,,,,,,,,,,,,,,,,,,,,,,,,,,,,,,,,,,,,,,,,,,,,,,,,,,,,,,,,,,,,,,,,,,,,2192.3132,204,96,2193.8178,2193.8178,2194.1689,right,1,2194.169,2194.2694,2194.2695,2194.5369,space,0.2512,,0,210,210,73,1,0.3274,,,,,,,,,,,,,,,,,,,,,,,,,,,,,,,,,,,,,,,,,,,,,,,,,,,,,,,,,
,,,,,,,,,,,,,,,618522,001,2024-12-07_13h04.07.781,test,2024.1.4,Win32,59.52380952,674841e51ddba29a9dee134e,67546f35f927709209cd55ea,67548d8adc0c853401c11a3b,,,,,,,,,,,,,,,,,,,,,,,,,,,,,,,,,,,,,,,,,,,,,,,,,,,,,,,,,,,,,,208,block_1,,,,,,,,,,,,,,,,,,,shape_1,shape_2,shape_2,shape_2,shape_2,2,2,208,,,,,,,,,,,,,,,,,,,,,,,,,,,,,,,,,,,,,,,,,,,,,,,,,,,,,,,,,,,,,,,,,,,,,,,,,,,,,,,,,,,,,,,,,,,2194.5375,205,97,2196.0421,2196.0422,2196.3765,left,1,2196.3767,2196.4771,2196.4772,2196.6441,space,0.1474,,0,211,211,207,1,0.3107,,,,,,,,,,,,,,,,,,,,,,,,,,,,,,,,,,,,,,,,,,,,,,,,,,,,,,,,,
,,,,,,,,,,,,,,,618522,001,2024-12-07_13h04.07.781,test,2024.1.4,Win32,59.52380952,674841e51ddba29a9dee134e,67546f35f927709209cd55ea,67548d8adc0c853401c11a3b,,,,,,,,,,,,,,,,,,,,,,,,,,,,,,,,,,,,,,,,,,,,,,,,,,,,,,,,,,,,,,6,block_1,,,,,,,,,,,,,,,,,,,shape_3,shape_3,shape_1,shape_3,shape_1,1,2,6,,,,,,,,,,,,,,,,,,,,,,,,,,,,,,,,,,,,,,,,,,,,,,,,,,,,,,,,,,,,,,,,,,,,,,,,,,,,,,,,,,,,,,,,,,,2196.6446,206,98,2198.1504,2198.1504,2198.4837,right,1,2198.4837,2198.5843,2198.5843,2198.8516,space,0.248,,0,212,212,5,1,0.3135,,,,,,,,,,,,,,,,,,,,,,,,,,,,,,,,,,,,,,,,,,,,,,,,,,,,,,,,,
,,,,,,,,,,,,,,,618522,001,2024-12-07_13h04.07.781,test,2024.1.4,Win32,59.52380952,674841e51ddba29a9dee134e,67546f35f927709209cd55ea,67548d8adc0c853401c11a3b,,,,,,,,,,,,,,,,,,,,,,,,,,,,,,,,,,,,,,,,,,,,,,,,,,,,,,,,,,,,,,188,block_1,,,,,,,,,,,,,,,,,,,shape_2,shape_1,shape_2,shape_4,shape_1,2,2,188,,,,,,,,,,,,,,,,,,,,,,,,,,,,,,,,,,,,,,,,,,,,,,,,,,,,,,,,,,,,,,,,,,,,,,,,,,,,,,,,,,,,,,,,,,,2198.8522,207,99,2200.3403,2200.3403,2200.7748,left,1,2200.7749,2200.8755,2200.8755,2200.9924,space,0.0992,,0,213,213,187,1,0.4193,,,,,,,,,,,,,,,,,,,,,,,,,,,,,,,,,,,,,,,,,,,,,,,,,,,,,,,,,
,,,,,,,,,,,,,,,618522,001,2024-12-07_13h04.07.781,test,2024.1.4,Win32,59.52380952,674841e51ddba29a9dee134e,67546f35f927709209cd55ea,67548d8adc0c853401c11a3b,,,,,,,,,,,,,,,,,,,,,,,,,,,,,,,,,,,,,,,,,,,,,,,,,,,,,,,,,,,,,,119,block_1,,,,,,,,,,,,,,,,,,,shape_3,shape_3,shape_4,shape_4,shape_2,1,1,119,,,,,,,,,,,,,,,,,,,,,,,,,,,,,,,,,,,,,,,,,,,,,,,,,,,,,,,,,,,,,,,,,,,,,,,,,,,,,,,,,,,,,,,,,,,2200.9929,208,100,2202.4976,2202.4976,2202.9323,left,0,2202.9325,2203.0328,2203.0328,2203.3338,space,0.278,,0,214,214,118,1,0.4116,,,,,,,,,,,,,,,,,,,,,,,,,,,,,,,,,,,,,,,,,,,,,,,,,,,,,,,,,
,,,,,,,,,,,,,,,618522,001,2024-12-07_13h04.07.781,test,2024.1.4,Win32,59.52380952,674841e51ddba29a9dee134e,67546f35f927709209cd55ea,67548d8adc0c853401c11a3b,,,,,,,,,,,,,,,,,,,,,,,,,,,,,,,,,,,,,,,,,,,,,,,,,,,,,,,,,,,,,,260,block_1,,,,,,,,,,,,,,,,,,,shape_3,shape_3,shape_4,shape_2,shape_1,2,1,260,,,,,,,,,,,,,,,,,,,,,,,,,,,,,,,,,,,,,,,,,,,,,,,,,,,,,,,,,,,,,,,,,,,,,,,,,,,,,,,,,,,,,,,,,,,2203.3344,209,99,2204.8389,2204.839,2204.889,right,0,2204.889,2204.9893,2204.9894,2205.491,space,0.4815,,0,215,215,259,1,0.0265,,,,,,,,,,,,,,,,,,,,,,,,,,,,,,,,,,,,,,,,,,,,,,,,,,,,,,,,,
,,,,,,,,,,,,,,,618522,001,2024-12-07_13h04.07.781,test,2024.1.4,Win32,59.52380952,674841e51ddba29a9dee134e,67546f35f927709209cd55ea,67548d8adc0c853401c11a3b,,,,,,,,,,,,,,,,,,,,,,,,,,,,,,,,,,,,,,,,,,,,,,,,,,,,,,,,,,,,,,139,block_1,,,,,,,,,,,,,,,,,,,shape_3,shape_4,shape_4,shape_3,shape_3,1,1,139,,,,,,,,,,,,,,,,,,,,,,,,,,,,,,,,,,,,,,,,,,,,,,,,,,,,,,,,,,,,,,,,,,,,,,,,,,,,,,,,,,,,,,,,,,,2205.4916,210,98,2206.9796,2206.9797,2207.3809,right,1,2207.381,2207.4814,2207.4814,2207.6987,space,0.202,,0,216,216,138,1,0.3831,,,,,,,,,,,,,,,,,,,,,,,,,,,,,,,,,,,,,,,,,,,,,,,,,,,,,,,,,
,,,,,,,,,,,,,,,618522,001,2024-12-07_13h04.07.781,test,2024.1.4,Win32,59.52380952,674841e51ddba29a9dee134e,67546f35f927709209cd55ea,67548d8adc0c853401c11a3b,,,,,,,,,,,,,,,,,,,,,,,,,,,,,,,,,,,,,,,,,,,,,,,,,,,,,,,,,,,,,,108,block_1,,,,,,,,,,,,,,,,,,,shape_3,shape_3,shape_3,shape_4,shape_2,1,1,108,,,,,,,,,,,,,,,,,,,,,,,,,,,,,,,,,,,,,,,,,,,,,,,,,,,,,,,,,,,,,,,,,,,,,,,,,,,,,,,,,,,,,,,,,,,2207.6992,211,99,2209.1868,2209.1868,2209.4548,right,1,2209.4549,2209.5549,2209.5552,2209.8392,space,0.2626,,0,217,217,107,1,0.2526,,,,,,,,,,,,,,,,,,,,,,,,,,,,,,,,,,,,,,,,,,,,,,,,,,,,,,,,,
,,,,,,,,,,,,,,,618522,001,2024-12-07_13h04.07.781,test,2024.1.4,Win32,59.52380952,674841e51ddba29a9dee134e,67546f35f927709209cd55ea,67548d8adc0c853401c11a3b,,,,,,,,,,,,,,,,,,,,,,,,,,,,,,,,,,,,,,,,,,,,,,,,,,,,,,,,,,,,,,288,block_1,,,,,,,,,,,,,,,,,,,shape_2,shape_3,shape_3,shape_3,shape_2,2,1,288,,,,,,,,,,,,,,,,,,,,,,,,,,,,,,,,,,,,,,,,,,,,,,,,,,,,,,,,,,,,,,,,,,,,,,,,,,,,,,,,,,,,,,,,,,,2209.8399,212,100,2211.3447,2211.3448,2211.6622,right,0,2211.6622,2211.7624,2211.7624,2211.9965,space,0.2145,,0,218,218,287,1,0.2935,,,,,,,,,,,,,,,,,,,,,,,,,,,,,,,,,,,,,,,,,,,,,,,,,,,,,,,,,
,,,,,,,,,,,,,,,618522,001,2024-12-07_13h04.07.781,test,2024.1.4,Win32,59.52380952,674841e51ddba29a9dee134e,67546f35f927709209cd55ea,67548d8adc0c853401c11a3b,,,,,,,,,,,,,,,,,,,,,,,,,,,,,,,,,,,,,,,,,,,,,,,,,,,,,,,,,,,,,,101,block_1,,,,,,,,,,,,,,,,,,,shape_3,shape_3,shape_3,shape_4,shape_2,1,1,101,,,,,,,,,,,,,,,,,,,,,,,,,,,,,,,,,,,,,,,,,,,,,,,,,,,,,,,,,,,,,,,,,,,,,,,,,,,,,,,,,,,,,,,,,,,2211.997,213,99,2213.4851,2213.4852,2213.7526,right,1,2213.7528,2213.853,2213.8531,2214.1375,space,0.2639,,0,219,219,100,1,0.2513,,,,,,,,,,,,,,,,,,,,,,,,,,,,,,,,,,,,,,,,,,,,,,,,,,,,,,,,,
,,,,,,,,,,,,,,,618522,001,2024-12-07_13h04.07.781,test,2024.1.4,Win32,59.52380952,674841e51ddba29a9dee134e,67546f35f927709209cd55ea,67548d8adc0c853401c11a3b,,,,,,,,,,,,,,,,,,,,,,,,,,,,,,,,,,,,,,,,,,,,,,,,,,,,,,,,,,,,,,283,block_1,,,,,,,,,,,,,,,,,,,shape_2,shape_2,shape_3,shape_4,shape_2,2,1,283,,,,,,,,,,,,,,,,,,,,,,,,,,,,,,,,,,,,,,,,,,,,,,,,,,,,,,,,,,,,,,,,,,,,,,,,,,,,,,,,,,,,,,,,,,,2214.138,214,100,2215.6428,2215.6428,2215.9102,left,1,2215.9102,2216.0106,2216.0107,2216.2781,space,0.2484,,0,220,220,282,1,0.244,,,,,,,,,,,,,,,,,,,,,,,,,,,,,,,,,,,,,,,,,,,,,,,,,,,,,,,,,
,,,,,,,,,,,,,,,618522,001,2024-12-07_13h04.07.781,test,2024.1.4,Win32,59.52380952,674841e51ddba29a9dee134e,67546f35f927709209cd55ea,67548d8adc0c853401c11a3b,,,,,,,,,,,,,,,,,,,,,,,,,,,,,,,,,,,,,,,,,,,,,,,,,,,,,,,,,,,,,,43,block_1,,,,,,,,,,,,,,,,,,,shape_3,shape_4,shape_1,shape_3,shape_3,1,1,43,,,,,,,,,,,,,,,,,,,,,,,,,,,,,,,,,,,,,,,,,,,,,,,,,,,,,,,,,,,,,,,,,,,,,,,,,,,,,,,,,,,,,,,,,,,2216.2786,215,101,2217.7666,2217.7668,2218.0342,right,1,2218.0343,2218.1346,2218.1346,2218.4189,space,0.2642,,0,221,221,42,1,0.2436,,,,,,,,,,,,,,,,,,,,,,,,,,,,,,,,,,,,,,,,,,,,,,,,,,,,,,,,,
,,,,,,,,,,,,,,,618522,001,2024-12-07_13h04.07.781,test,2024.1.4,Win32,59.52380952,674841e51ddba29a9dee134e,67546f35f927709209cd55ea,67548d8adc0c853401c11a3b,,,,,,,,,,,,,,,,,,,,,,,,,,,,,,,,,,,,,,,,,,,,,,,,,,,,,,,,,,,,,,211,block_1,,,,,,,,,,,,,,,,,,,shape_1,shape_2,shape_2,shape_2,shape_2,2,2,211,,,,,,,,,,,,,,,,,,,,,,,,,,,,,,,,,,,,,,,,,,,,,,,,,,,,,,,,,,,,,,,,,,,,,,,,,,,,,,,,,,,,,,,,,,,2218.4194,216,102,2219.9241,2219.9241,2220.0744,left,1,2220.0745,2220.1748,2220.1749,2220.4759,space,0.2894,,0,222,222,210,1,0.1265,,,,,,,,,,,,,,,,,,,,,,,,,,,,,,,,,,,,,,,,,,,,,,,,,,,,,,,,,
,,,,,,,,,,,,,,,618522,001,2024-12-07_13h04.07.781,test,2024.1.4,Win32,59.52380952,674841e51ddba29a9dee134e,67546f35f927709209cd55ea,67548d8adc0c853401c11a3b,,,,,,,,,,,,,,,,,,,,,,,,,,,,,,,,,,,,,,,,,,,,,,,,,,,,,,,,,,,,,,245,block_1,,,,,,,,,,,,,,,,,,,shape_1,shape_2,shape_4,shape_3,shape_2,2,2,245,,,,,,,,,,,,,,,,,,,,,,,,,,,,,,,,,,,,,,,,,,,,,,,,,,,,,,,,,,,,,,,,,,,,,,,,,,,,,,,,,,,,,,,,,,,2220.4764,217,103,2221.9643,2221.9644,2222.2987,left,1,2222.2988,2222.3992,2222.3993,2222.5999,space,0.1812,,0,223,223,244,1,0.3145,,,,,,,,,,,,,,,,,,,,,,,,,,,,,,,,,,,,,,,,,,,,,,,,,,,,,,,,,
,,,,,,,,,,,,,,,618522,001,2024-12-07_13h04.07.781,test,2024.1.4,Win32,59.52380952,674841e51ddba29a9dee134e,67546f35f927709209cd55ea,67548d8adc0c853401c11a3b,,,,,,,,,,,,,,,,,,,,,,,,,,,,,,,,,,,,,,,,,,,,,,,,,,,,,,,,,,,,,,268,block_1,,,,,,,,,,,,,,,,,,,shape_2,shape_2,shape_2,shape_2,shape_2,2,2,268,,,,,,,,,,,,,,,,,,,,,,,,,,,,,,,,,,,,,,,,,,,,,,,,,,,,,,,,,,,,,,,,,,,,,,,,,,,,,,,,,,,,,,,,,,,2222.6005,218,104,2224.105,2224.1051,2224.406,left,1,2224.4062,2224.5064,2224.5065,2224.6904,space,0.1632,,0,224,224,267,1,0.2839,,,,,,,,,,,,,,,,,,,,,,,,,,,,,,,,,,,,,,,,,,,,,,,,,,,,,,,,,
,,,,,,,,,,,,,,,618522,001,2024-12-07_13h04.07.781,test,2024.1.4,Win32,59.52380952,674841e51ddba29a9dee134e,67546f35f927709209cd55ea,67548d8adc0c853401c11a3b,,,,,,,,,,,,,,,,,,,,,,,,,,,,,,,,,,,,,,,,,,,,,,,,,,,,,,,,,,,,,,3,block_1,,,,,,,,,,,,,,,,,,,shape_2,shape_3,shape_3,shape_1,shape_1,1,2,3,,,,,,,,,,,,,,,,,,,,,,,,,,,,,,,,,,,,,,,,,,,,,,,,,,,,,,,,,,,,,,,,,,,,,,,,,,,,,,,,,,,,,,,,,,,2224.6909,219,105,2226.179,2226.179,2226.4965,left,0,2226.4967,2226.597,2226.597,2226.764,space,0.1496,,0,225,225,2,1,0.2945,,,,,,,,,,,,,,,,,,,,,,,,,,,,,,,,,,,,,,,,,,,,,,,,,,,,,,,,,
,,,,,,,,,,,,,,,618522,001,2024-12-07_13h04.07.781,test,2024.1.4,Win32,59.52380952,674841e51ddba29a9dee134e,67546f35f927709209cd55ea,67548d8adc0c853401c11a3b,,,,,,,,,,,,,,,,,,,,,,,,,,,,,,,,,,,,,,,,,,,,,,,,,,,,,,,,,,,,,,233,block_1,,,,,,,,,,,,,,,,,,,shape_2,shape_3,shape_3,shape_2,shape_1,2,2,233,,,,,,,,,,,,,,,,,,,,,,,,,,,,,,,,,,,,,,,,,,,,,,,,,,,,,,,,,,,,,,,,,,,,,,,,,,,,,,,,,,,,,,,,,,,2226.7646,220,104,2228.2526,2228.2526,2228.4866,left,1,2228.4868,2228.5872,2228.5872,2228.8212,space,0.2117,,0,226,226,232,1,0.213,,,,,,,,,,,,,,,,,,,,,,,,,,,,,,,,,,,,,,,,,,,,,,,,,,,,,,,,,
,,,,,,,,,,,,,,,618522,001,2024-12-07_13h04.07.781,test,2024.1.4,Win32,59.52380952,674841e51ddba29a9dee134e,67546f35f927709209cd55ea,67548d8adc0c853401c11a3b,,,,,,,,,,,,,,,,,,,,,,,,,,,,,,,,,,,,,,,,,,,,,,,,,,,,,,,,,,,,,,223,block_1,,,,,,,,,,,,,,,,,,,shape_2,shape_3,shape_2,shape_2,shape_1,2,2,223,,,,,,,,,,,,,,,,,,,,,,,,,,,,,,,,,,,,,,,,,,,,,,,,,,,,,,,,,,,,,,,,,,,,,,,,,,,,,,,,,,,,,,,,,,,2228.8218,221,105,2230.3263,2230.3264,2230.6608,left,1,2230.6608,2230.7611,2230.7613,2230.9454,space,0.1683,,0,227,227,222,1,0.3171,,,,,,,,,,,,,,,,,,,,,,,,,,,,,,,,,,,,,,,,,,,,,,,,,,,,,,,,,
,,,,,,,,,,,,,,,618522,001,2024-12-07_13h04.07.781,test,2024.1.4,Win32,59.52380952,674841e51ddba29a9dee134e,67546f35f927709209cd55ea,67548d8adc0c853401c11a3b,,,,,,,,,,,,,,,,,,,,,,,,,,,,,,,,,,,,,,,,,,,,,,,,,,,,,,,,,,,,,,196,block_1,,,,,,,,,,,,,,,,,,,shape_1,shape_3,shape_3,shape_2,shape_1,2,2,196,,,,,,,,,,,,,,,,,,,,,,,,,,,,,,,,,,,,,,,,,,,,,,,,,,,,,,,,,,,,,,,,,,,,,,,,,,,,,,,,,,,,,,,,,,,2230.9458,222,106,2232.4504,2232.4504,2232.7345,left,1,2232.7346,2232.8351,2232.8351,2232.9854,space,0.1303,,0,228,228,195,1,0.2612,,,,,,,,,,,,,,,,,,,,,,,,,,,,,,,,,,,,,,,,,,,,,,,,,,,,,,,,,
,,,,,,,,,,,,,,,618522,001,2024-12-07_13h04.07.781,test,2024.1.4,Win32,59.52380952,674841e51ddba29a9dee134e,67546f35f927709209cd55ea,67548d8adc0c853401c11a3b,,,,,,,,,,,,,,,,,,,,,,,,,,,,,,,,,,,,,,,,,,,,,,,,,,,,,,,,,,,,,,45,block_1,,,,,,,,,,,,,,,,,,,shape_3,shape_4,shape_1,shape_3,shape_3,1,1,45,,,,,,,,,,,,,,,,,,,,,,,,,,,,,,,,,,,,,,,,,,,,,,,,,,,,,,,,,,,,,,,,,,,,,,,,,,,,,,,,,,,,,,,,,,,2232.986,223,107,2234.4738,2234.4741,2234.9757,,0,2234.9759,2235.0761,2235.0762,2236.7481,space,1.652,,0,229,229,44,1,,,,,,,,,,,,,,,,,,,,,,,,,,,,,,,,,,,,,,,,,,,,,,,,,,,,,,,,,,
,,,,,,,,,,,,,,,618522,001,2024-12-07_13h04.07.781,test,2024.1.4,Win32,59.52380952,674841e51ddba29a9dee134e,67546f35f927709209cd55ea,67548d8adc0c853401c11a3b,,,,,,,,,,,,,,,,,,,,,,,,,,,,,,,,,,,,,,,,,,,,,,,,,,,,,,,,,,,,,,241,block_1,,,,,,,,,,,,,,,,,,,shape_2,shape_3,shape_3,shape_2,shape_1,2,2,241,,,,,,,,,,,,,,,,,,,,,,,,,,,,,,,,,,,,,,,,,,,,,,,,,,,,,,,,,,,,,,,,,,,,,,,,,,,,,,,,,,,,,,,,,,,2236.7485,223,107,2238.2368,2238.2369,2238.5044,left,1,2238.5045,2238.6047,2238.6047,2238.8891,space,0.254,,0,230,230,240,1,0.2514,,,,,,,,,,,,,,,,,,,,,,,,,,,,,,,,,,,,,,,,,,,,,,,,,,,,,,,,,
,,,,,,,,,,,,,,,618522,001,2024-12-07_13h04.07.781,test,2024.1.4,Win32,59.52380952,674841e51ddba29a9dee134e,67546f35f927709209cd55ea,67548d8adc0c853401c11a3b,,,,,,,,,,,,,,,,,,,,,,,,,,,,,,,,,,,,,,,,,,,,,,,,,,,,,,,,,,,,,,9,block_1,,,,,,,,,,,,,,,,,,,shape_3,shape_2,shape_2,shape_1,shape_2,1,2,9,,,,,,,,,,,,,,,,,,,,,,,,,,,,,,,,,,,,,,,,,,,,,,,,,,,,,,,,,,,,,,,,,,,,,,,,,,,,,,,,,,,,,,,,,,,2238.8896,224,108,2240.3941,2240.3942,2240.6784,left,0,2240.6785,2240.7788,2240.7789,2241.013,space,0.2115,,0,231,231,8,1,0.2661,,,,,,,,,,,,,,,,,,,,,,,,,,,,,,,,,,,,,,,,,,,,,,,,,,,,,,,,,
,,,,,,,,,,,,,,,618522,001,2024-12-07_13h04.07.781,test,2024.1.4,Win32,59.52380952,674841e51ddba29a9dee134e,67546f35f927709209cd55ea,67548d8adc0c853401c11a3b,,,,,,,,,,,,,,,,,,,,,,,,,,,,,,,,,,,,,,,,,,,,,,,,,,,,,,,,,,,,,,243,block_1,,,,,,,,,,,,,,,,,,,shape_1,shape_2,shape_4,shape_3,shape_2,2,2,243,,,,,,,,,,,,,,,,,,,,,,,,,,,,,,,,,,,,,,,,,,,,,,,,,,,,,,,,,,,,,,,,,,,,,,,,,,,,,,,,,,,,,,,,,,,2241.0135,225,107,2242.5015,2242.5015,2242.8024,right,0,2242.8025,2242.903,2242.903,2243.1036,space,0.1877,,0,232,232,242,1,0.2795,,,,,,,,,,,,,,,,,,,,,,,,,,,,,,,,,,,,,,,,,,,,,,,,,,,,,,,,,
,,,,,,,,,,,,,,,618522,001,2024-12-07_13h04.07.781,test,2024.1.4,Win32,59.52380952,674841e51ddba29a9dee134e,67546f35f927709209cd55ea,67548d8adc0c853401c11a3b,,,,,,,,,,,,,,,,,,,,,,,,,,,,,,,,,,,,,,,,,,,,,,,,,,,,,,,,,,,,,,158,block_1,,,,,,,,,,,,,,,,,,,shape_2,shape_1,shape_3,shape_1,shape_1,2,2,158,,,,,,,,,,,,,,,,,,,,,,,,,,,,,,,,,,,,,,,,,,,,,,,,,,,,,,,,,,,,,,,,,,,,,,,,,,,,,,,,,,,,,,,,,,,2243.1041,226,106,2244.6088,2244.6088,2244.9431,left,1,2244.9432,2245.0436,2245.0437,2245.2608,space,0.1987,,0,233,233,157,1,0.3147,,,,,,,,,,,,,,,,,,,,,,,,,,,,,,,,,,,,,,,,,,,,,,,,,,,,,,,,,
,,,,,,,,,,,,,,,618522,001,2024-12-07_13h04.07.781,test,2024.1.4,Win32,59.52380952,674841e51ddba29a9dee134e,67546f35f927709209cd55ea,67548d8adc0c853401c11a3b,,,,,,,,,,,,,,,,,,,,,,,,,,,,,,,,,,,,,,,,,,,,,,,,,,,,,,,,,,,,,,38,block_1,,,,,,,,,,,,,,,,,,,shape_2,shape_4,shape_4,shape_1,shape_3,1,1,38,,,,,,,,,,,,,,,,,,,,,,,,,,,,,,,,,,,,,,,,,,,,,,,,,,,,,,,,,,,,,,,,,,,,,,,,,,,,,,,,,,,,,,,,,,,2245.2615,227,107,2246.7496,2246.7497,2247.0335,right,1,2247.0336,2247.1341,2247.1342,2247.4185,space,0.2643,,0,234,234,37,1,0.2612,,,,,,,,,,,,,,,,,,,,,,,,,,,,,,,,,,,,,,,,,,,,,,,,,,,,,,,,,
,,,,,,,,,,,,,,,618522,001,2024-12-07_13h04.07.781,test,2024.1.4,Win32,59.52380952,674841e51ddba29a9dee134e,67546f35f927709209cd55ea,67548d8adc0c853401c11a3b,,,,,,,,,,,,,,,,,,,,,,,,,,,,,,,,,,,,,,,,,,,,,,,,,,,,,,,,,,,,,,205,block_1,,,,,,,,,,,,,,,,,,,shape_3,shape_3,shape_1,shape_3,shape_1,2,2,205,,,,,,,,,,,,,,,,,,,,,,,,,,,,,,,,,,,,,,,,,,,,,,,,,,,,,,,,,,,,,,,,,,,,,,,,,,,,,,,,,,,,,,,,,,,2247.4188,228,108,2248.9068,2248.9069,2249.2245,left,1,2249.2246,2249.325,2249.3251,2249.5755,space,0.2309,,0,235,235,204,1,0.2958,,,,,,,,,,,,,,,,,,,,,,,,,,,,,,,,,,,,,,,,,,,,,,,,,,,,,,,,,
,,,,,,,,,,,,,,,618522,001,2024-12-07_13h04.07.781,test,2024.1.4,Win32,59.52380952,674841e51ddba29a9dee134e,67546f35f927709209cd55ea,67548d8adc0c853401c11a3b,,,,,,,,,,,,,,,,,,,,,,,,,,,,,,,,,,,,,,,,,,,,,,,,,,,,,,,,,,,,,,124,block_1,,,,,,,,,,,,,,,,,,,shape_3,shape_3,shape_4,shape_4,shape_2,1,1,124,,,,,,,,,,,,,,,,,,,,,,,,,,,,,,,,,,,,,,,,,,,,,,,,,,,,,,,,,,,,,,,,,,,,,,,,,,,,,,,,,,,,,,,,,,,2249.5762,229,109,2251.064,2251.0641,2251.3651,right,1,2251.3651,2251.4656,2251.4657,2251.7003,space,0.223,,0,236,236,123,1,0.2829,,,,,,,,,,,,,,,,,,,,,,,,,,,,,,,,,,,,,,,,,,,,,,,,,,,,,,,,,
,,,,,,,,,,,,,,,618522,001,2024-12-07_13h04.07.781,test,2024.1.4,Win32,59.52380952,674841e51ddba29a9dee134e,67546f35f927709209cd55ea,67548d8adc0c853401c11a3b,,,,,,,,,,,,,,,,,,,,,,,,,,,,,,,,,,,,,,,,,,,,,,,,,,,,,,,,,,,,,,255,block_1,,,,,,,,,,,,,,,,,,,shape_3,shape_2,shape_3,shape_1,shape_3,2,2,255,,,,,,,,,,,,,,,,,,,,,,,,,,,,,,,,,,,,,,,,,,,,,,,,,,,,,,,,,,,,,,,,,,,,,,,,,,,,,,,,,,,,,,,,,,,2251.7007,230,110,2253.2049,2253.205,2253.5059,left,1,2253.506,2253.6061,2253.6062,2253.8403,space,0.2145,,0,237,237,254,1,0.2816,,,,,,,,,,,,,,,,,,,,,,,,,,,,,,,,,,,,,,,,,,,,,,,,,,,,,,,,,
,,,,,,,,,,,,,,,618522,001,2024-12-07_13h04.07.781,test,2024.1.4,Win32,59.52380952,674841e51ddba29a9dee134e,67546f35f927709209cd55ea,67548d8adc0c853401c11a3b,,,,,,,,,,,,,,,,,,,,,,,,,,,,,,,,,,,,,,,,,,,,,,,,,,,,,,,,,,,,,,134,block_1,,,,,,,,,,,,,,,,,,,shape_4,shape_3,shape_3,shape_3,shape_3,1,1,134,,,,,,,,,,,,,,,,,,,,,,,,,,,,,,,,,,,,,,,,,,,,,,,,,,,,,,,,,,,,,,,,,,,,,,,,,,,,,,,,,,,,,,,,,,,2253.8409,231,111,2255.3288,2255.3289,2255.7635,right,1,2255.7635,2255.8641,2255.8641,2256.0814,space,0.197,,0,238,238,133,1,0.42,,,,,,,,,,,,,,,,,,,,,,,,,,,,,,,,,,,,,,,,,,,,,,,,,,,,,,,,,
,,,,,,,,,,,,,,,618522,001,2024-12-07_13h04.07.781,test,2024.1.4,Win32,59.52380952,674841e51ddba29a9dee134e,67546f35f927709209cd55ea,67548d8adc0c853401c11a3b,,,,,,,,,,,,,,,,,,,,,,,,,,,,,,,,,,,,,,,,,,,,,,,,,,,,,,,,,,,,,,254,block_1,,,,,,,,,,,,,,,,,,,shape_3,shape_2,shape_3,shape_1,shape_3,2,2,254,,,,,,,,,,,,,,,,,,,,,,,,,,,,,,,,,,,,,,,,,,,,,,,,,,,,,,,,,,,,,,,,,,,,,,,,,,,,,,,,,,,,,,,,,,,2256.082,232,112,2257.5866,2257.5866,2257.8041,left,1,2257.8041,2257.9044,2257.9044,2258.0881,space,0.1648,,0,239,239,253,1,0.1939,,,,,,,,,,,,,,,,,,,,,,,,,,,,,,,,,,,,,,,,,,,,,,,,,,,,,,,,,
,,,,,,,,,,,,,,,618522,001,2024-12-07_13h04.07.781,test,2024.1.4,Win32,59.52380952,674841e51ddba29a9dee134e,67546f35f927709209cd55ea,67548d8adc0c853401c11a3b,,,,,,,,,,,,,,,,,,,,,,,,,,,,,,,,,,,,,,,,,,,,,,,,,,,,,,,,,,,,,,272,block_1,,,,,,,,,,,,,,,,,,,shape_2,shape_2,shape_3,shape_2,shape_2,2,2,272,,,,,,,,,,,,,,,,,,,,,,,,,,,,,,,,,,,,,,,,,,,,,,,,,,,,,,,,,,,,,,,,,,,,,,,,,,,,,,,,,,,,,,,,,,,2258.0888,233,113,2259.5934,2259.5935,2259.7941,left,1,2259.7943,2259.8943,2259.8944,2260.0282,space,0.1212,,0,240,240,271,1,0.1788,,,,,,,,,,,,,,,,,,,,,,,,,,,,,,,,,,,,,,,,,,,,,,,,,,,,,,,,,
,,,,,,,,,,,,,,,618522,001,2024-12-07_13h04.07.781,test,2024.1.4,Win32,59.52380952,674841e51ddba29a9dee134e,67546f35f927709209cd55ea,67548d8adc0c853401c11a3b,,,,,,,,,,,,,,,,,,,,,,,,,,,,,,,,,,,,,,,,,,,,,,,,,,,,,,,,,,,,,,34,block_1,,,,,,,,,,,,,,,,,,,shape_2,shape_4,shape_3,shape_3,shape_1,1,1,34,,,,,,,,,,,,,,,,,,,,,,,,,,,,,,,,,,,,,,,,,,,,,,,,,,,,,,,,,,,,,,,,,,,,,,,,,,,,,,,,,,,,,,,,,,,2260.0288,234,114,2261.5167,2261.5168,2261.8344,right,1,2261.8346,2261.9349,2261.935,2262.1856,space,0.231,,0,241,241,33,1,0.3028,,,,,,,,,,,,,,,,,,,,,,,,,,,,,,,,,,,,,,,,,,,,,,,,,,,,,,,,,
,,,,,,,,,,,,,,,618522,001,2024-12-07_13h04.07.781,test,2024.1.4,Win32,59.52380952,674841e51ddba29a9dee134e,67546f35f927709209cd55ea,67548d8adc0c853401c11a3b,,,,,,,,,,,,,,,,,,,,,,,,,,,,,,,,,,,,,,,,,,,,,,,,,,,,,,,,,,,,,,65,block_1,,,,,,,,,,,,,,,,,,,shape_2,shape_4,shape_2,shape_2,shape_4,1,1,65,,,,,,,,,,,,,,,,,,,,,,,,,,,,,,,,,,,,,,,,,,,,,,,,,,,,,,,,,,,,,,,,,,,,,,,,,,,,,,,,,,,,,,,,,,,2262.1862,235,115,2263.6742,2263.6742,2263.9412,right,1,2263.9412,2264.0417,2264.0417,2264.1592,space,0.1033,,0,242,242,64,1,0.2428,,,,,,,,,,,,,,,,,,,,,,,,,,,,,,,,,,,,,,,,,,,,,,,,,,,,,,,,,
,,,,,,,,,,,,,,,618522,001,2024-12-07_13h04.07.781,test,2024.1.4,Win32,59.52380952,674841e51ddba29a9dee134e,67546f35f927709209cd55ea,67548d8adc0c853401c11a3b,,,,,,,,,,,,,,,,,,,,,,,,,,,,,,,,,,,,,,,,,,,,,,,,,,,,,,,,,,,,,,77,block_1,,,,,,,,,,,,,,,,,,,shape_3,shape_3,shape_2,shape_2,shape_4,1,1,77,,,,,,,,,,,,,,,,,,,,,,,,,,,,,,,,,,,,,,,,,,,,,,,,,,,,,,,,,,,,,,,,,,,,,,,,,,,,,,,,,,,,,,,,,,,2264.1599,236,116,2265.6644,2265.6644,2265.9988,right,1,2265.9988,2266.0991,2266.0991,2266.3498,space,0.2315,,0,243,243,76,1,0.3131,,,,,,,,,,,,,,,,,,,,,,,,,,,,,,,,,,,,,,,,,,,,,,,,,,,,,,,,,
,,,,,,,,,,,,,,,618522,001,2024-12-07_13h04.07.781,test,2024.1.4,Win32,59.52380952,674841e51ddba29a9dee134e,67546f35f927709209cd55ea,67548d8adc0c853401c11a3b,,,,,,,,,,,,,,,,,,,,,,,,,,,,,,,,,,,,,,,,,,,,,,,,,,,,,,,,,,,,,,4,block_1,,,,,,,,,,,,,,,,,,,shape_1,shape_4,shape_2,shape_3,shape_1,1,2,4,,,,,,,,,,,,,,,,,,,,,,,,,,,,,,,,,,,,,,,,,,,,,,,,,,,,,,,,,,,,,,,,,,,,,,,,,,,,,,,,,,,,,,,,,,,2266.3503,237,117,2267.8386,2267.8387,2268.2062,right,1,2268.2063,2268.3067,2268.3068,2268.6243,space,0.2986,,0,244,244,3,1,0.3443,,,,,,,,,,,,,,,,,,,,,,,,,,,,,,,,,,,,,,,,,,,,,,,,,,,,,,,,,
,,,,,,,,,,,,,,,618522,001,2024-12-07_13h04.07.781,test,2024.1.4,Win32,59.52380952,674841e51ddba29a9dee134e,67546f35f927709209cd55ea,67548d8adc0c853401c11a3b,,,,,,,,,,,,,,,,,,,,,,,,,,,,,,,,,,,,,,,,,,,,,,,,,,,,,,,,,,,,,,178,block_1,,,,,,,,,,,,,,,,,,,shape_1,shape_1,shape_3,shape_2,shape_2,2,2,178,,,,,,,,,,,,,,,,,,,,,,,,,,,,,,,,,,,,,,,,,,,,,,,,,,,,,,,,,,,,,,,,,,,,,,,,,,,,,,,,,,,,,,,,,,,2268.6251,238,118,2270.1296,2270.1297,2270.6313,,0,2270.6314,2270.7317,2270.7317,2270.999,space,0.2529,,0,245,245,177,1,,,,,,,,,,,,,,,,,,,,,,,,,,,,,,,,,,,,,,,,,,,,,,,,,,,,,,,,,,
,,,,,,,,,,,,,,,618522,001,2024-12-07_13h04.07.781,test,2024.1.4,Win32,59.52380952,674841e51ddba29a9dee134e,67546f35f927709209cd55ea,67548d8adc0c853401c11a3b,,,,,,,,,,,,,,,,,,,,,,,,,,,,,,,,,,,,,,,,,,,,,,,,,,,,,,,,,,,,,,111,block_1,,,,,,,,,,,,,,,,,,,shape_3,shape_3,shape_3,shape_4,shape_2,1,1,111,,,,,,,,,,,,,,,,,,,,,,,,,,,,,,,,,,,,,,,,,,,,,,,,,,,,,,,,,,,,,,,,,,,,,,,,,,,,,,,,,,,,,,,,,,,2270.9997,238,118,2272.4877,2272.4877,2272.7719,right,1,2272.772,2272.8723,2272.8724,2273.1067,space,0.2014,,0,246,246,110,1,0.2731,,,,,,,,,,,,,,,,,,,,,,,,,,,,,,,,,,,,,,,,,,,,,,,,,,,,,,,,,
,,,,,,,,,,,,,,,618522,001,2024-12-07_13h04.07.781,test,2024.1.4,Win32,59.52380952,674841e51ddba29a9dee134e,67546f35f927709209cd55ea,67548d8adc0c853401c11a3b,,,,,,,,,,,,,,,,,,,,,,,,,,,,,,,,,,,,,,,,,,,,,,,,,,,,,,,,,,,,,,83,block_1,,,,,,,,,,,,,,,,,,,shape_3,shape_3,shape_2,shape_2,shape_4,1,1,83,,,,,,,,,,,,,,,,,,,,,,,,,,,,,,,,,,,,,,,,,,,,,,,,,,,,,,,,,,,,,,,,,,,,,,,,,,,,,,,,,,,,,,,,,,,2273.1072,239,119,2274.6117,2274.6118,2274.7286,right,1,2274.7288,2274.829,2274.8291,2275.1635,space,0.3143,,0,247,247,82,1,0.0957,,,,,,,,,,,,,,,,,,,,,,,,,,,,,,,,,,,,,,,,,,,,,,,,,,,,,,,,,
,,,,,,,,,,,,,,,618522,001,2024-12-07_13h04.07.781,test,2024.1.4,Win32,59.52380952,674841e51ddba29a9dee134e,67546f35f927709209cd55ea,67548d8adc0c853401c11a3b,,,,,,,,,,,,,,,,,,,,,,,,,,,,,,,,,,,,,,,,,,,,,,,,,,,,,,,,,,,,,,171,block_1,,,,,,,,,,,,,,,,,,,shape_2,shape_1,shape_2,shape_1,shape_2,2,2,171,,,,,,,,,,,,,,,,,,,,,,,,,,,,,,,,,,,,,,,,,,,,,,,,,,,,,,,,,,,,,,,,,,,,,,,,,,,,,,,,,,,,,,,,,,,2275.1641,240,120,2276.6688,2276.6688,2276.9361,left,1,2276.9362,2277.0367,2277.0367,2277.3711,space,0.3156,,0,248,248,170,1,0.253,,,,,,,,,,,,,,,,,,,,,,,,,,,,,,,,,,,,,,,,,,,,,,,,,,,,,,,,,
,,,,,,,,,,,,,,,618522,001,2024-12-07_13h04.07.781,test,2024.1.4,Win32,59.52380952,674841e51ddba29a9dee134e,67546f35f927709209cd55ea,67548d8adc0c853401c11a3b,,,,,,,,,,,,,,,,,,,,,,,,,,,,,,,,,,,,,,,,,,,,,,,,,,,,,,,,,,,,,,63,block_1,,,,,,,,,,,,,,,,,,,shape_2,shape_2,shape_3,shape_2,shape_4,1,1,63,,,,,,,,,,,,,,,,,,,,,,,,,,,,,,,,,,,,,,,,,,,,,,,,,,,,,,,,,,,,,,,,,,,,,,,,,,,,,,,,,,,,,,,,,,,2277.3717,241,121,2278.8595,2278.8596,2279.1772,left,0,2279.1773,2279.2776,2279.2776,2279.4616,space,0.1615,,0,249,249,62,1,0.2958,,,,,,,,,,,,,,,,,,,,,,,,,,,,,,,,,,,,,,,,,,,,,,,,,,,,,,,,,
,,,,,,,,,,,,,,,618522,001,2024-12-07_13h04.07.781,test,2024.1.4,Win32,59.52380952,674841e51ddba29a9dee134e,67546f35f927709209cd55ea,67548d8adc0c853401c11a3b,,,,,,,,,,,,,,,,,,,,,,,,,,,,,,,,,,,,,,,,,,,,,,,,,,,,,,,,,,,,,,212,block_1,,,,,,,,,,,,,,,,,,,shape_1,shape_2,shape_2,shape_2,shape_2,2,2,212,,,,,,,,,,,,,,,,,,,,,,,,,,,,,,,,,,,,,,,,,,,,,,,,,,,,,,,,,,,,,,,,,,,,,,,,,,,,,,,,,,,,,,,,,,,2279.4622,242,120,2280.9668,2280.9669,2281.2509,left,1,2281.2509,2281.3515,2281.3516,2281.6357,space,0.2616,,0,250,250,211,1,0.2658,,,,,,,,,,,,,,,,,,,,,,,,,,,,,,,,,,,,,,,,,,,,,,,,,,,,,,,,,
,,,,,,,,,,,,,,,618522,001,2024-12-07_13h04.07.781,test,2024.1.4,Win32,59.52380952,674841e51ddba29a9dee134e,67546f35f927709209cd55ea,67548d8adc0c853401c11a3b,,,,,,,,,,,,,,,,,,,,,,,,,,,,,,,,,,,,,,,,,,,,,,,,,,,,,,,,,,,,,,149,block_1,,,,,,,,,,,,,,,,,,,shape_4,shape_3,shape_3,shape_4,shape_4,1,1,149,,,,,,,,,,,,,,,,,,,,,,,,,,,,,,,,,,,,,,,,,,,,,,,,,,,,,,,,,,,,,,,,,,,,,,,,,,,,,,,,,,,,,,,,,,,2281.6362,243,121,2283.1242,2283.1243,2283.2747,left,0,2283.2748,2283.3751,2283.3751,2283.6926,space,0.2967,,0,251,251,148,1,0.1353,,,,,,,,,,,,,,,,,,,,,,,,,,,,,,,,,,,,,,,,,,,,,,,,,,,,,,,,,
,,,,,,,,,,,,,,,618522,001,2024-12-07_13h04.07.781,test,2024.1.4,Win32,59.52380952,674841e51ddba29a9dee134e,67546f35f927709209cd55ea,67548d8adc0c853401c11a3b,,,,,,,,,,,,,,,,,,,,,,,,,,,,,,,,,,,,,,,,,,,,,,,,,,,,,,,,,,,,,,125,block_1,,,,,,,,,,,,,,,,,,,shape_3,shape_3,shape_4,shape_4,shape_2,1,1,125,,,,,,,,,,,,,,,,,,,,,,,,,,,,,,,,,,,,,,,,,,,,,,,,,,,,,,,,,,,,,,,,,,,,,,,,,,,,,,,,,,,,,,,,,,,2283.6933,244,120,2285.1977,2285.1977,2285.4657,right,1,2285.4658,2285.566,2285.566,2285.7832,space,0.1952,,0,252,252,124,1,0.2464,,,,,,,,,,,,,,,,,,,,,,,,,,,,,,,,,,,,,,,,,,,,,,,,,,,,,,,,,
,,,,,,,,,,,,,,,618522,001,2024-12-07_13h04.07.781,test,2024.1.4,Win32,59.52380952,674841e51ddba29a9dee134e,67546f35f927709209cd55ea,67548d8adc0c853401c11a3b,,,,,,,,,,,,,,,,,,,,,,,,,,,,,,,,,,,,,,,,,,,,,,,,,,,,,,,,,,,,,,128,block_1,,,,,,,,,,,,,,,,,,,shape_2,shape_4,shape_3,shape_4,shape_4,1,1,128,,,,,,,,,,,,,,,,,,,,,,,,,,,,,,,,,,,,,,,,,,,,,,,,,,,,,,,,,,,,,,,,,,,,,,,,,,,,,,,,,,,,,,,,,,,2285.7838,245,121,2287.2716,2287.2716,2287.489,right,1,2287.489,2287.5896,2287.5896,2287.8569,space,0.2476,,0,253,253,127,1,0.1939,,,,,,,,,,,,,,,,,,,,,,,,,,,,,,,,,,,,,,,,,,,,,,,,,,,,,,,,,
,,,,,,,,,,,,,,,618522,001,2024-12-07_13h04.07.781,test,2024.1.4,Win32,59.52380952,674841e51ddba29a9dee134e,67546f35f927709209cd55ea,67548d8adc0c853401c11a3b,,,,,,,,,,,,,,,,,,,,,,,,,,,,,,,,,,,,,,,,,,,,,,,,,,,,,,,,,,,,,,48,block_1,,,,,,,,,,,,,,,,,,,shape_4,shape_1,shape_3,shape_3,shape_4,1,1,48,,,,,,,,,,,,,,,,,,,,,,,,,,,,,,,,,,,,,,,,,,,,,,,,,,,,,,,,,,,,,,,,,,,,,,,,,,,,,,,,,,,,,,,,,,,2287.8575,246,122,2289.3456,2289.3456,2289.7133,right,1,2289.7134,2289.8136,2289.8136,2289.9976,space,0.1706,,0,254,254,47,1,0.349,,,,,,,,,,,,,,,,,,,,,,,,,,,,,,,,,,,,,,,,,,,,,,,,,,,,,,,,,
,,,,,,,,,,,,,,,618522,001,2024-12-07_13h04.07.781,test,2024.1.4,Win32,59.52380952,674841e51ddba29a9dee134e,67546f35f927709209cd55ea,67548d8adc0c853401c11a3b,,,,,,,,,,,,,,,,,,,,,,,,,,,,,,,,,,,,,,,,,,,,,,,,,,,,,,,,,,,,,,234,block_1,,,,,,,,,,,,,,,,,,,shape_2,shape_3,shape_3,shape_2,shape_1,2,2,234,,,,,,,,,,,,,,,,,,,,,,,,,,,,,,,,,,,,,,,,,,,,,,,,,,,,,,,,,,,,,,,,,,,,,,,,,,,,,,,,,,,,,,,,,,,2289.9982,247,123,2291.486,2291.4861,2291.7369,left,1,2291.737,2291.8372,2291.8373,2292.2388,space,0.384,,0,255,255,233,1,0.2272,,,,,,,,,,,,,,,,,,,,,,,,,,,,,,,,,,,,,,,,,,,,,,,,,,,,,,,,,
,,,,,,,,,,,,,,,618522,001,2024-12-07_13h04.07.781,test,2024.1.4,Win32,59.52380952,674841e51ddba29a9dee134e,67546f35f927709209cd55ea,67548d8adc0c853401c11a3b,,,,,,,,,,,,,,,,,,,,,,,,,,,,,,,,,,,,,,,,,,,,,,,,,,,,,,,,,,,,,,170,block_1,,,,,,,,,,,,,,,,,,,shape_2,shape_1,shape_2,shape_1,shape_2,2,2,170,,,,,,,,,,,,,,,,,,,,,,,,,,,,,,,,,,,,,,,,,,,,,,,,,,,,,,,,,,,,,,,,,,,,,,,,,,,,,,,,,,,,,,,,,,,2292.2393,248,124,2293.7439,2293.744,2294.0615,left,1,2294.0616,2294.162,2294.162,2294.6302,space,0.4531,,0,256,256,169,1,0.2938,,,,,,,,,,,,,,,,,,,,,,,,,,,,,,,,,,,,,,,,,,,,,,,,,,,,,,,,,
,,,,,,,,,,,,,,,618522,001,2024-12-07_13h04.07.781,test,2024.1.4,Win32,59.52380952,674841e51ddba29a9dee134e,67546f35f927709209cd55ea,67548d8adc0c853401c11a3b,,,,,,,,,,,,,,,,,,,,,,,,,,,,,,,,,,,,,,,,,,,,,,,,,,,,,,,,,,,,,,228,block_1,,,,,,,,,,,,,,,,,,,shape_2,shape_1,shape_4,shape_2,shape_2,2,2,228,,,,,,,,,,,,,,,,,,,,,,,,,,,,,,,,,,,,,,,,,,,,,,,,,,,,,,,,,,,,,,,,,,,,,,,,,,,,,,,,,,,,,,,,,,,2294.6308,249,125,2296.1189,2296.119,2296.6211,,0,2296.6211,2296.7208,2296.7209,2296.9214,space,0.1815,,0,257,257,227,1,,,,,,,,,,,,,,,,,,,,,,,,,,,,,,,,,,,,,,,,,,,,,,,,,,,,,,,,,,
,,,,,,,,,,,,,,,618522,001,2024-12-07_13h04.07.781,test,2024.1.4,Win32,59.52380952,674841e51ddba29a9dee134e,67546f35f927709209cd55ea,67548d8adc0c853401c11a3b,,,,,,,,,,,,,,,,,,,,,,,,,,,,,,,,,,,,,,,,,,,,,,,,,,,,,,,,,,,,,,142,block_1,,,,,,,,,,,,,,,,,,,shape_3,shape_4,shape_4,shape_3,shape_3,1,1,142,,,,,,,,,,,,,,,,,,,,,,,,,,,,,,,,,,,,,,,,,,,,,,,,,,,,,,,,,,,,,,,,,,,,,,,,,,,,,,,,,,,,,,,,,,,2296.9218,249,125,2298.41,2298.41,2298.7108,right,1,2298.7109,2298.8112,2298.8113,2299.0789,space,0.2345,,0,258,258,141,1,0.2902,,,,,,,,,,,,,,,,,,,,,,,,,,,,,,,,,,,,,,,,,,,,,,,,,,,,,,,,,
,,,,,,,,,,,,,,,618522,001,2024-12-07_13h04.07.781,test,2024.1.4,Win32,59.52380952,674841e51ddba29a9dee134e,67546f35f927709209cd55ea,67548d8adc0c853401c11a3b,,,,,,,,,,,,,,,,,,,,,,,,,,,,,,,,,,,,,,,,,,,,,,,,,,,,,,,,,,,,,,151,block_1,,,,,,,,,,,,,,,,,,,shape_1,shape_1,shape_1,shape_1,shape_2,2,2,151,,,,,,,,,,,,,,,,,,,,,,,,,,,,,,,,,,,,,,,,,,,,,,,,,,,,,,,,,,,,,,,,,,,,,,,,,,,,,,,,,,,,,,,,,,,2299.0794,250,126,2300.5676,2300.5676,2300.9188,left,1,2300.9188,2301.0192,2301.0194,2301.6044,space,0.5716,,0,259,259,150,1,0.3292,,,,,,,,,,,,,,,,,,,,,,,,,,,,,,,,,,,,,,,,,,,,,,,,,,,,,,,,,
,,,,,,,,,,,,,,,618522,001,2024-12-07_13h04.07.781,test,2024.1.4,Win32,59.52380952,674841e51ddba29a9dee134e,67546f35f927709209cd55ea,67548d8adc0c853401c11a3b,,,,,,,,,,,,,,,,,,,,,,,,,,,,,,,,,,,,,,,,,,,,,,,,,,,,,,,,,,,,,,27,block_1,,,,,,,,,,,,,,,,,,,shape_2,shape_4,shape_3,shape_3,shape_1,1,1,27,,,,,,,,,,,,,,,,,,,,,,,,,,,,,,,,,,,,,,,,,,,,,,,,,,,,,,,,,,,,,,,,,,,,,,,,,,,,,,,,,,,,,,,,,,,2301.6051,251,127,2303.1094,2303.1094,2303.4102,left,0,2303.4103,2303.5109,2303.5109,2303.8285,space,0.2952,,0,260,260,26,1,0.2854,,,,,,,,,,,,,,,,,,,,,,,,,,,,,,,,,,,,,,,,,,,,,,,,,,,,,,,,,
,,,,,,,,,,,,,,,618522,001,2024-12-07_13h04.07.781,test,2024.1.4,Win32,59.52380952,674841e51ddba29a9dee134e,67546f35f927709209cd55ea,67548d8adc0c853401c11a3b,,,,,,,,,,,,,,,,,,,,,,,,,,,,,,,,,,,,,,,,,,,,,,,,,,,,,,,,,,,,,,221,block_1,,,,,,,,,,,,,,,,,,,shape_2,shape_3,shape_2,shape_2,shape_1,2,2,221,,,,,,,,,,,,,,,,,,,,,,,,,,,,,,,,,,,,,,,,,,,,,,,,,,,,,,,,,,,,,,,,,,,,,,,,,,,,,,,,,,,,,,,,,,,2303.829,252,126,2305.3169,2305.3171,2305.6012,left,1,2305.6013,2305.7017,2305.7018,2306.0026,space,0.2773,,0,261,261,220,1,0.26,,,,,,,,,,,,,,,,,,,,,,,,,,,,,,,,,,,,,,,,,,,,,,,,,,,,,,,,,
,,,,,,,,,,,,,,,618522,001,2024-12-07_13h04.07.781,test,2024.1.4,Win32,59.52380952,674841e51ddba29a9dee134e,67546f35f927709209cd55ea,67548d8adc0c853401c11a3b,,,,,,,,,,,,,,,,,,,,,,,,,,,,,,,,,,,,,,,,,,,,,,,,,,,,,,,,,,,,,,10,block_1,,,,,,,,,,,,,,,,,,,shape_3,shape_2,shape_2,shape_1,shape_2,1,2,10,,,,,,,,,,,,,,,,,,,,,,,,,,,,,,,,,,,,,,,,,,,,,,,,,,,,,,,,,,,,,,,,,,,,,,,,,,,,,,,,,,,,,,,,,,,2306.0031,253,127,2307.4913,2307.4913,2307.7919,left,0,2307.792,2307.8925,2307.8925,2308.2602,space,0.3495,,0,262,262,9,1,0.2794,,,,,,,,,,,,,,,,,,,,,,,,,,,,,,,,,,,,,,,,,,,,,,,,,,,,,,,,,
,,,,,,,,,,,,,,,618522,001,2024-12-07_13h04.07.781,test,2024.1.4,Win32,59.52380952,674841e51ddba29a9dee134e,67546f35f927709209cd55ea,67548d8adc0c853401c11a3b,,,,,,,,,,,,,,,,,,,,,,,,,,,,,,,,,,,,,,,,,,,,,,,,,,,,,,,,,,,,,,250,block_1,,,,,,,,,,,,,,,,,,,shape_1,shape_2,shape_4,shape_3,shape_2,2,2,250,,,,,,,,,,,,,,,,,,,,,,,,,,,,,,,,,,,,,,,,,,,,,,,,,,,,,,,,,,,,,,,,,,,,,,,,,,,,,,,,,,,,,,,,,,,2308.2609,254,126,2309.7489,2309.7489,2309.9997,right,0,2309.9997,2310.1001,2310.1002,2310.2504,space,0.1344,,0,263,263,249,1,0.2352,,,,,,,,,,,,,,,,,,,,,,,,,,,,,,,,,,,,,,,,,,,,,,,,,,,,,,,,,
,,,,,,,,,,,,,,,618522,001,2024-12-07_13h04.07.781,test,2024.1.4,Win32,59.52380952,674841e51ddba29a9dee134e,67546f35f927709209cd55ea,67548d8adc0c853401c11a3b,,,,,,,,,,,,,,,,,,,,,,,,,,,,,,,,,,,,,,,,,,,,,,,,,,,,,,,,,,,,,,68,block_1,,,,,,,,,,,,,,,,,,,shape_2,shape_3,shape_3,shape_2,shape_3,1,1,68,,,,,,,,,,,,,,,,,,,,,,,,,,,,,,,,,,,,,,,,,,,,,,,,,,,,,,,,,,,,,,,,,,,,,,,,,,,,,,,,,,,,,,,,,,,2310.2511,255,125,2311.7557,2311.7558,2312.1068,right,1,2312.1069,2312.2074,2312.2074,2312.475,space,0.2443,,0,264,264,67,1,0.337,,,,,,,,,,,,,,,,,,,,,,,,,,,,,,,,,,,,,,,,,,,,,,,,,,,,,,,,,
,,,,,,,,,,,,,,,618522,001,2024-12-07_13h04.07.781,test,2024.1.4,Win32,59.52380952,674841e51ddba29a9dee134e,67546f35f927709209cd55ea,67548d8adc0c853401c11a3b,,,,,,,,,,,,,,,,,,,,,,,,,,,,,,,,,,,,,,,,,,,,,,,,,,,,,,,,,,,,,,91,block_1,,,,,,,,,,,,,,,,,,,shape_2,shape_3,shape_2,shape_4,shape_4,1,1,91,,,,,,,,,,,,,,,,,,,,,,,,,,,,,,,,,,,,,,,,,,,,,,,,,,,,,,,,,,,,,,,,,,,,,,,,,,,,,,,,,,,,,,,,,,,2312.4755,256,126,2313.9801,2313.9802,2314.2642,right,1,2314.2643,2314.3647,2314.3648,2314.5487,space,0.164,,0,265,265,90,1,0.2612,,,,,,,,,,,,,,,,,,,,,,,,,,,,,,,,,,,,,,,,,,,,,,,,,,,,,,,,,
,,,,,,,,,,,,,,,618522,001,2024-12-07_13h04.07.781,test,2024.1.4,Win32,59.52380952,674841e51ddba29a9dee134e,67546f35f927709209cd55ea,67548d8adc0c853401c11a3b,,,,,,,,,,,,,,,,,,,,,,,,,,,,,,,,,,,,,,,,,,,,,,,,,,,,,,,,,,,,,,73,block_1,,,,,,,,,,,,,,,,,,,shape_3,shape_3,shape_2,shape_2,shape_4,1,1,73,,,,,,,,,,,,,,,,,,,,,,,,,,,,,,,,,,,,,,,,,,,,,,,,,,,,,,,,,,,,,,,,,,,,,,,,,,,,,,,,,,,,,,,,,,,2314.5492,257,127,2316.0538,2316.0539,2316.3214,right,1,2316.3215,2316.4218,2316.4219,2316.7897,space,0.3528,,0,266,266,72,1,0.246,,,,,,,,,,,,,,,,,,,,,,,,,,,,,,,,,,,,,,,,,,,,,,,,,,,,,,,,,
,,,,,,,,,,,,,,,618522,001,2024-12-07_13h04.07.781,test,2024.1.4,Win32,59.52380952,674841e51ddba29a9dee134e,67546f35f927709209cd55ea,67548d8adc0c853401c11a3b,,,,,,,,,,,,,,,,,,,,,,,,,,,,,,,,,,,,,,,,,,,,,,,,,,,,,,,,,,,,,,55,block_1,,,,,,,,,,,,,,,,,,,shape_3,shape_2,shape_2,shape_2,shape_3,1,2,55,,,,,,,,,,,,,,,,,,,,,,,,,,,,,,,,,,,,,,,,,,,,,,,,,,,,,,,,,,,,,,,,,,,,,,,,,,,,,,,,,,,,,,,,,,,2316.7903,258,128,2318.2949,2318.295,2318.7965,,0,2318.7966,2318.8967,2318.8968,2320.5859,space,1.6778,,0,267,267,54,1,,,,,,,,,,,,,,,,,,,,,,,,,,,,,,,,,,,,,,,,,,,,,,,,,,,,,,,,,,
,,,,,,,,,,,,,,,618522,001,2024-12-07_13h04.07.781,test,2024.1.4,Win32,59.52380952,674841e51ddba29a9dee134e,67546f35f927709209cd55ea,67548d8adc0c853401c11a3b,,,,,,,,,,,,,,,,,,,,,,,,,,,,,,,,,,,,,,,,,,,,,,,,,,,,,,,,,,,,,,201,block_1,,,,,,,,,,,,,,,,,,,shape_1,shape_4,shape_3,shape_2,shape_1,2,2,201,,,,,,,,,,,,,,,,,,,,,,,,,,,,,,,,,,,,,,,,,,,,,,,,,,,,,,,,,,,,,,,,,,,,,,,,,,,,,,,,,,,,,,,,,,,2320.5865,258,128,2322.0744,2322.0744,2322.3754,right,0,2322.3758,2322.4759,2322.476,2322.7601,space,0.2563,,0,268,268,200,1,0.2871,,,,,,,,,,,,,,,,,,,,,,,,,,,,,,,,,,,,,,,,,,,,,,,,,,,,,,,,,
,,,,,,,,,,,,,,,618522,001,2024-12-07_13h04.07.781,test,2024.1.4,Win32,59.52380952,674841e51ddba29a9dee134e,67546f35f927709209cd55ea,67548d8adc0c853401c11a3b,,,,,,,,,,,,,,,,,,,,,,,,,,,,,,,,,,,,,,,,,,,,,,,,,,,,,,,,,,,,,,150,block_1,,,,,,,,,,,,,,,,,,,shape_4,shape_4,shape_3,shape_4,shape_4,1,1,150,,,,,,,,,,,,,,,,,,,,,,,,,,,,,,,,,,,,,,,,,,,,,,,,,,,,,,,,,,,,,,,,,,,,,,,,,,,,,,,,,,,,,,,,,,,2322.7606,259,127,2324.2653,2324.2653,2324.6333,right,1,2324.6334,2324.7335,2324.7336,2325.4191,space,0.6624,,0,269,269,149,1,0.346,,,,,,,,,,,,,,,,,,,,,,,,,,,,,,,,,,,,,,,,,,,,,,,,,,,,,,,,,
,,,,,,,,,,,,,,,618522,001,2024-12-07_13h04.07.781,test,2024.1.4,Win32,59.52380952,674841e51ddba29a9dee134e,67546f35f927709209cd55ea,67548d8adc0c853401c11a3b,,,,,,,,,,,,,,,,,,,,,,,,,,,,,,,,,,,,,,,,,,,,,,,,,,,,,,,,,,,,,,156,block_1,,,,,,,,,,,,,,,,,,,shape_1,shape_1,shape_2,shape_1,shape_2,2,2,156,,,,,,,,,,,,,,,,,,,,,,,,,,,,,,,,,,,,,,,,,,,,,,,,,,,,,,,,,,,,,,,,,,,,,,,,,,,,,,,,,,,,,,,,,,,2325.4198,260,128,2326.9244,2326.9246,2327.0922,left,1,2327.0923,2327.1921,2327.1922,2327.5264,space,0.3156,,0,270,270,155,1,0.1431,,,,,,,,,,,,,,,,,,,,,,,,,,,,,,,,,,,,,,,,,,,,,,,,,,,,,,,,,
,,,,,,,,,,,,,,,618522,001,2024-12-07_13h04.07.781,test,2024.1.4,Win32,59.52380952,674841e51ddba29a9dee134e,67546f35f927709209cd55ea,67548d8adc0c853401c11a3b,,,,,,,,,,,,,,,,,,,,,,,,,,,,,,,,,,,,,,,,,,,,,,,,,,,,,,,,,,,,,,192,block_1,,,,,,,,,,,,,,,,,,,shape_1,shape_3,shape_3,shape_2,shape_1,2,2,192,,,,,,,,,,,,,,,,,,,,,,,,,,,,,,,,,,,,,,,,,,,,,,,,,,,,,,,,,,,,,,,,,,,,,,,,,,,,,,,,,,,,,,,,,,,2327.527,261,129,2329.0316,2329.0317,2329.4161,left,1,2329.4162,2329.5165,2329.5166,2329.8176,space,0.2815,,0,271,271,191,1,0.3606,,,,,,,,,,,,,,,,,,,,,,,,,,,,,,,,,,,,,,,,,,,,,,,,,,,,,,,,,
,,,,,,,,,,,,,,,618522,001,2024-12-07_13h04.07.781,test,2024.1.4,Win32,59.52380952,674841e51ddba29a9dee134e,67546f35f927709209cd55ea,67548d8adc0c853401c11a3b,,,,,,,,,,,,,,,,,,,,,,,,,,,,,,,,,,,,,,,,,,,,,,,,,,,,,,,,,,,,,,121,block_1,,,,,,,,,,,,,,,,,,,shape_3,shape_3,shape_4,shape_4,shape_2,1,1,121,,,,,,,,,,,,,,,,,,,,,,,,,,,,,,,,,,,,,,,,,,,,,,,,,,,,,,,,,,,,,,,,,,,,,,,,,,,,,,,,,,,,,,,,,,,2329.8182,262,130,2331.3228,2331.323,2331.6907,right,1,2331.6908,2331.7913,2331.7913,2332.092,space,0.287,,0,272,272,120,1,0.3431,,,,,,,,,,,,,,,,,,,,,,,,,,,,,,,,,,,,,,,,,,,,,,,,,,,,,,,,,
,,,,,,,,,,,,,,,618522,001,2024-12-07_13h04.07.781,test,2024.1.4,Win32,59.52380952,674841e51ddba29a9dee134e,67546f35f927709209cd55ea,67548d8adc0c853401c11a3b,,,,,,,,,,,,,,,,,,,,,,,,,,,,,,,,,,,,,,,,,,,,,,,,,,,,,,,,,,,,,,29,block_1,,,,,,,,,,,,,,,,,,,shape_2,shape_4,shape_3,shape_3,shape_1,1,1,29,,,,,,,,,,,,,,,,,,,,,,,,,,,,,,,,,,,,,,,,,,,,,,,,,,,,,,,,,,,,,,,,,,,,,,,,,,,,,,,,,,,,,,,,,,,2332.0926,263,131,2333.5807,2333.5807,2334.0824,,0,2334.0824,2334.1827,2334.1828,2334.8181,space,0.6158,,0,273,273,28,1,,,,,,,,,,,,,,,,,,,,,,,,,,,,,,,,,,,,,,,,,,,,,,,,,,,,,,,,,,
,,,,,,,,,,,,,,,618522,001,2024-12-07_13h04.07.781,test,2024.1.4,Win32,59.52380952,674841e51ddba29a9dee134e,67546f35f927709209cd55ea,67548d8adc0c853401c11a3b,,,,,,,,,,,,,,,,,,,,,,,,,,,,,,,,,,,,,,,,,,,,,,,,,,,,,,,,,,,,,,286,block_1,,,,,,,,,,,,,,,,,,,shape_2,shape_2,shape_3,shape_4,shape_2,2,1,286,,,,,,,,,,,,,,,,,,,,,,,,,,,,,,,,,,,,,,,,,,,,,,,,,,,,,,,,,,,,,,,,,,,,,,,,,,,,,,,,,,,,,,,,,,,2334.8187,263,131,2336.3231,2336.3233,2336.3398,left,1,2336.3399,2336.4405,2336.4405,2336.7746,space,0.3007,,0,274,274,285,1,0.0011,,,,,,,,,,,,,,,,,,,,,,,,,,,,,,,,,,,,,,,,,,,,,,,,,,,,,,,,,
,,,,,,,,,,,,,,,618522,001,2024-12-07_13h04.07.781,test,2024.1.4,Win32,59.52380952,674841e51ddba29a9dee134e,67546f35f927709209cd55ea,67548d8adc0c853401c11a3b,,,,,,,,,,,,,,,,,,,,,,,,,,,,,,,,,,,,,,,,,,,,,,,,,,,,,,,,,,,,,,146,block_1,,,,,,,,,,,,,,,,,,,shape_4,shape_3,shape_3,shape_4,shape_4,1,1,146,,,,,,,,,,,,,,,,,,,,,,,,,,,,,,,,,,,,,,,,,,,,,,,,,,,,,,,,,,,,,,,,,,,,,,,,,,,,,,,,,,,,,,,,,,,2336.775,264,132,2338.2635,2338.2635,2338.5813,right,1,2338.5814,2338.6815,2338.6815,2338.9823,space,0.283,,0,275,275,145,1,0.3048,,,,,,,,,,,,,,,,,,,,,,,,,,,,,,,,,,,,,,,,,,,,,,,,,,,,,,,,,
,,,,,,,,,,,,,,,618522,001,2024-12-07_13h04.07.781,test,2024.1.4,Win32,59.52380952,674841e51ddba29a9dee134e,67546f35f927709209cd55ea,67548d8adc0c853401c11a3b,,,,,,,,,,,,,,,,,,,,,,,,,,,,,,,,,,,,,,,,,,,,,,,,,,,,,,,,,,,,,,270,block_1,,,,,,,,,,,,,,,,,,,shape_2,shape_2,shape_3,shape_2,shape_2,2,2,270,,,,,,,,,,,,,,,,,,,,,,,,,,,,,,,,,,,,,,,,,,,,,,,,,,,,,,,,,,,,,,,,,,,,,,,,,,,,,,,,,,,,,,,,,,,2338.983,265,133,2340.471,2340.4711,2340.6882,left,1,2340.6883,2340.7884,2340.7885,2340.9893,space,0.1828,,0,276,276,269,1,0.1937,,,,,,,,,,,,,,,,,,,,,,,,,,,,,,,,,,,,,,,,,,,,,,,,,,,,,,,,,
,,,,,,,,,,,,,,,618522,001,2024-12-07_13h04.07.781,test,2024.1.4,Win32,59.52380952,674841e51ddba29a9dee134e,67546f35f927709209cd55ea,67548d8adc0c853401c11a3b,,,,,,,,,,,,,,,,,,,,,,,,,,,,,,,,,,,,,,,,,,,,,,,,,,,,,,,,,,,,,,16,block_1,,,,,,,,,,,,,,,,,,,shape_2,shape_2,shape_1,shape_4,shape_3,1,2,16,,,,,,,,,,,,,,,,,,,,,,,,,,,,,,,,,,,,,,,,,,,,,,,,,,,,,,,,,,,,,,,,,,,,,,,,,,,,,,,,,,,,,,,,,,,2340.9898,266,134,2342.4943,2342.4943,2342.7955,right,1,2342.7955,2342.8959,2342.896,2343.2135,space,0.298,,0,277,277,15,1,0.2802,,,,,,,,,,,,,,,,,,,,,,,,,,,,,,,,,,,,,,,,,,,,,,,,,,,,,,,,,
,,,,,,,,,,,,,,,618522,001,2024-12-07_13h04.07.781,test,2024.1.4,Win32,59.52380952,674841e51ddba29a9dee134e,67546f35f927709209cd55ea,67548d8adc0c853401c11a3b,,,,,,,,,,,,,,,,,,,,,,,,,,,,,,,,,,,,,,,,,,,,,,,,,,,,,,,,,,,,,,109,block_1,,,,,,,,,,,,,,,,,,,shape_3,shape_3,shape_3,shape_4,shape_2,1,1,109,,,,,,,,,,,,,,,,,,,,,,,,,,,,,,,,,,,,,,,,,,,,,,,,,,,,,,,,,,,,,,,,,,,,,,,,,,,,,,,,,,,,,,,,,,,2343.2142,267,135,2344.7188,2344.7189,2345.0031,right,1,2345.0031,2345.1035,2345.1035,2345.2874,space,0.1649,,0,278,278,108,1,0.2604,,,,,,,,,,,,,,,,,,,,,,,,,,,,,,,,,,,,,,,,,,,,,,,,,,,,,,,,,
,,,,,,,,,,,,,,,618522,001,2024-12-07_13h04.07.781,test,2024.1.4,Win32,59.52380952,674841e51ddba29a9dee134e,67546f35f927709209cd55ea,67548d8adc0c853401c11a3b,,,,,,,,,,,,,,,,,,,,,,,,,,,,,,,,,,,,,,,,,,,,,,,,,,,,,,,,,,,,,,273,block_1,,,,,,,,,,,,,,,,,,,shape_2,shape_2,shape_3,shape_2,shape_2,2,2,273,,,,,,,,,,,,,,,,,,,,,,,,,,,,,,,,,,,,,,,,,,,,,,,,,,,,,,,,,,,,,,,,,,,,,,,,,,,,,,,,,,,,,,,,,,,2345.288,268,136,2346.776,2346.776,2347.0433,left,1,2347.0435,2347.1439,2347.144,2347.3779,space,0.2207,,0,279,279,272,1,0.2442,,,,,,,,,,,,,,,,,,,,,,,,,,,,,,,,,,,,,,,,,,,,,,,,,,,,,,,,,
,,,,,,,,,,,,,,,618522,001,2024-12-07_13h04.07.781,test,2024.1.4,Win32,59.52380952,674841e51ddba29a9dee134e,67546f35f927709209cd55ea,67548d8adc0c853401c11a3b,,,,,,,,,,,,,,,,,,,,,,,,,,,,,,,,,,,,,,,,,,,,,,,,,,,,,,,,,,,,,,248,block_1,,,,,,,,,,,,,,,,,,,shape_1,shape_2,shape_4,shape_3,shape_2,2,2,248,,,,,,,,,,,,,,,,,,,,,,,,,,,,,,,,,,,,,,,,,,,,,,,,,,,,,,,,,,,,,,,,,,,,,,,,,,,,,,,,,,,,,,,,,,,2347.3784,269,137,2348.8831,2348.8832,2349.2175,right,0,2349.2176,2349.3177,2349.3179,2349.5018,space,0.1653,,0,280,280,247,1,0.3124,,,,,,,,,,,,,,,,,,,,,,,,,,,,,,,,,,,,,,,,,,,,,,,,,,,,,,,,,
,,,,,,,,,,,,,,,618522,001,2024-12-07_13h04.07.781,test,2024.1.4,Win32,59.52380952,674841e51ddba29a9dee134e,67546f35f927709209cd55ea,67548d8adc0c853401c11a3b,,,,,,,,,,,,,,,,,,,,,,,,,,,,,,,,,,,,,,,,,,,,,,,,,,,,,,,,,,,,,,78,block_1,,,,,,,,,,,,,,,,,,,shape_3,shape_3,shape_2,shape_2,shape_4,1,1,78,,,,,,,,,,,,,,,,,,,,,,,,,,,,,,,,,,,,,,,,,,,,,,,,,,,,,,,,,,,,,,,,,,,,,,,,,,,,,,,,,,,,,,,,,,,2349.5024,270,136,2351.0071,2351.0071,2351.1072,right,1,2351.1073,2351.2078,2351.2079,2351.4919,space,0.2621,,0,281,281,77,1,0.0783,,,,,,,,,,,,,,,,,,,,,,,,,,,,,,,,,,,,,,,,,,,,,,,,,,,,,,,,,
,,,,,,,,,,,,,,,618522,001,2024-12-07_13h04.07.781,test,2024.1.4,Win32,59.52380952,674841e51ddba29a9dee134e,67546f35f927709209cd55ea,67548d8adc0c853401c11a3b,,,,,,,,,,,,,,,,,,,,,,,,,,,,,,,,,,,,,,,,,,,,,,,,,,,,,,,,,,,,,,62,block_1,,,,,,,,,,,,,,,,,,,shape_2,shape_2,shape_3,shape_2,shape_4,1,1,62,,,,,,,,,,,,,,,,,,,,,,,,,,,,,,,,,,,,,,,,,,,,,,,,,,,,,,,,,,,,,,,,,,,,,,,,,,,,,,,,,,,,,,,,,,,2351.4925,271,137,2352.9806,2352.9806,2353.4824,,0,2353.4826,2353.5825,2353.5826,2353.8667,space,0.2647,,0,282,282,61,1,,,,,,,,,,,,,,,,,,,,,,,,,,,,,,,,,,,,,,,,,,,,,,,,,,,,,,,,,,
,,,,,,,,,,,,,,,618522,001,2024-12-07_13h04.07.781,test,2024.1.4,Win32,59.52380952,674841e51ddba29a9dee134e,67546f35f927709209cd55ea,67548d8adc0c853401c11a3b,,,,,,,,,,,,,,,,,,,,,,,,,,,,,,,,,,,,,,,,,,,,,,,,,,,,,,,,,,,,,,263,block_1,,,,,,,,,,,,,,,,,,,shape_2,shape_1,shape_3,shape_4,shape_4,2,1,263,,,,,,,,,,,,,,,,,,,,,,,,,,,,,,,,,,,,,,,,,,,,,,,,,,,,,,,,,,,,,,,,,,,,,,,,,,,,,,,,,,,,,,,,,,,2353.8674,271,137,2355.3554,2355.3554,2355.7399,right,0,2355.7401,2355.8401,2355.8401,2355.9738,space,0.1121,,0,283,283,262,1,0.3688,,,,,,,,,,,,,,,,,,,,,,,,,,,,,,,,,,,,,,,,,,,,,,,,,,,,,,,,,
,,,,,,,,,,,,,,,618522,001,2024-12-07_13h04.07.781,test,2024.1.4,Win32,59.52380952,674841e51ddba29a9dee134e,67546f35f927709209cd55ea,67548d8adc0c853401c11a3b,,,,,,,,,,,,,,,,,,,,,,,,,,,,,,,,,,,,,,,,,,,,,,,,,,,,,,,,,,,,,,144,block_1,,,,,,,,,,,,,,,,,,,shape_3,shape_4,shape_4,shape_3,shape_3,1,1,144,,,,,,,,,,,,,,,,,,,,,,,,,,,,,,,,,,,,,,,,,,,,,,,,,,,,,,,,,,,,,,,,,,,,,,,,,,,,,,,,,,,,,,,,,,,2355.9742,272,136,2357.4626,2357.4626,2357.7969,right,1,2357.7971,2357.8973,2357.8974,2358.1482,space,0.2277,,0,284,284,143,1,0.3131,,,,,,,,,,,,,,,,,,,,,,,,,,,,,,,,,,,,,,,,,,,,,,,,,,,,,,,,,
,,,,,,,,,,,,,,,618522,001,2024-12-07_13h04.07.781,test,2024.1.4,Win32,59.52380952,674841e51ddba29a9dee134e,67546f35f927709209cd55ea,67548d8adc0c853401c11a3b,,,,,,,,,,,,,,,,,,,,,,,,,,,,,,,,,,,,,,,,,,,,,,,,,,,,,,,,,,,,,,220,block_1,,,,,,,,,,,,,,,,,,,shape_2,shape_3,shape_2,shape_2,shape_1,2,2,220,,,,,,,,,,,,,,,,,,,,,,,,,,,,,,,,,,,,,,,,,,,,,,,,,,,,,,,,,,,,,,,,,,,,,,,,,,,,,,,,,,,,,,,,,,,2358.1489,273,137,2359.6533,2359.6534,2360.0212,left,1,2360.0214,2360.1218,2360.1219,2360.3055,space,0.1711,,0,285,285,219,1,0.3459,,,,,,,,,,,,,,,,,,,,,,,,,,,,,,,,,,,,,,,,,,,,,,,,,,,,,,,,,
,,,,,,,,,,,,,,,618522,001,2024-12-07_13h04.07.781,test,2024.1.4,Win32,59.52380952,674841e51ddba29a9dee134e,67546f35f927709209cd55ea,67548d8adc0c853401c11a3b,,,,,,,,,,,,,,,,,,,,,,,,,,,,,,,,,,,,,,,,,,,,,,,,,,,,,,,,,,,,,,87,block_1,,,,,,,,,,,,,,,,,,,shape_2,shape_3,shape_2,shape_4,shape_4,1,1,87,,,,,,,,,,,,,,,,,,,,,,,,,,,,,,,,,,,,,,,,,,,,,,,,,,,,,,,,,,,,,,,,,,,,,,,,,,,,,,,,,,,,,,,,,,,2360.306,274,138,2361.794,2361.7941,2362.1117,right,1,2362.1118,2362.2122,2362.2122,2362.4965,space,0.265,,0,286,286,86,1,0.2985,,,,,,,,,,,,,,,,,,,,,,,,,,,,,,,,,,,,,,,,,,,,,,,,,,,,,,,,,
,,,,,,,,,,,,,,,618522,001,2024-12-07_13h04.07.781,test,2024.1.4,Win32,59.52380952,674841e51ddba29a9dee134e,67546f35f927709209cd55ea,67548d8adc0c853401c11a3b,,,,,,,,,,,,,,,,,,,,,,,,,,,,,,,,,,,,,,,,,,,,,,,,,,,,,,,,,,,,,,265,block_1,,,,,,,,,,,,,,,,,,,shape_1,shape_3,shape_3,shape_3,shape_4,2,1,265,,,,,,,,,,,,,,,,,,,,,,,,,,,,,,,,,,,,,,,,,,,,,,,,,,,,,,,,,,,,,,,,,,,,,,,,,,,,,,,,,,,,,,,,,,,2362.4971,275,139,2364.0016,2364.0016,2364.3025,right,0,2364.3026,2364.403,2364.4031,2364.6705,space,0.2445,,0,287,287,264,1,0.2777,,,,,,,,,,,,,,,,,,,,,,,,,,,,,,,,,,,,,,,,,,,,,,,,,,,,,,,,,
,,,,,,,,,,,,,,,618522,001,2024-12-07_13h04.07.781,test,2024.1.4,Win32,59.52380952,674841e51ddba29a9dee134e,67546f35f927709209cd55ea,67548d8adc0c853401c11a3b,,,,,,,,,,,,,,,,,,,,,,,,,,,,,,,,,,,,,,,,,,,,,,,,,,,,,,,,,,,,,,229,block_1,,,,,,,,,,,,,,,,,,,shape_2,shape_1,shape_4,shape_2,shape_2,2,2,229,,,,,,,,,,,,,,,,,,,,,,,,,,,,,,,,,,,,,,,,,,,,,,,,,,,,,,,,,,,,,,,,,,,,,,,,,,,,,,,,,,,,,,,,,,,2364.6712,276,138,2366.1755,2366.1756,2366.5603,left,1,2366.5604,2366.6608,2366.6608,2366.8946,space,0.2186,,0,288,288,228,1,0.362,,,,,,,,,,,,,,,,,,,,,,,,,,,,,,,,,,,,,,,,,,,,,,,,,,,,,,,,,
,,,,,,,,,,,,,,,618522,001,2024-12-07_13h04.07.781,test,2024.1.4,Win32,59.52380952,674841e51ddba29a9dee134e,67546f35f927709209cd55ea,67548d8adc0c853401c11a3b,,,,,,,,,,,,,,,,,,,,,,,,,,,,,,,,,,,,,,,,,,,,,,,,,,,,,,,,,,,,,,152,block_1,,,,,,,,,,,,,,,,,,,shape_3,shape_1,shape_1,shape_1,shape_1,2,2,152,,,,,,,,,,,,,,,,,,,,,,,,,,,,,,,,,,,,,,,,,,,,,,,,,,,,,,,,,,,,,,,,,,,,,,,,,,,,,,,,,,,,,,,,,,,2366.8954,277,139,2368.3996,2368.3997,2368.6507,left,1,2368.6507,2368.7512,2368.7513,2369.0689,space,0.2991,,0,289,289,151,1,0.239,,,,,,,,,,,,,,,,,,,,,,,,,,,,,,,,,,,,,,,,,,,,,,,,,,,,,,,,,
,,,,,,,,,,,,,,,618522,001,2024-12-07_13h04.07.781,test,2024.1.4,Win32,59.52380952,674841e51ddba29a9dee134e,67546f35f927709209cd55ea,67548d8adc0c853401c11a3b,,,,,,,,,,,,,,,,,,,,,,,,,,,,,,,,,,,,,,,,,,,,,,,,,,,,,,,,,,,,,,279,block_1,,,,,,,,,,,,,,,,,,,shape_2,shape_3,shape_2,shape_2,shape_3,2,2,279,,,,,,,,,,,,,,,,,,,,,,,,,,,,,,,,,,,,,,,,,,,,,,,,,,,,,,,,,,,,,,,,,,,,,,,,,,,,,,,,,,,,,,,,,,,2369.0694,278,140,2370.5576,2370.5576,2370.9252,left,1,2370.9253,2371.0256,2371.0257,2371.1761,space,0.1309,,0,290,290,278,1,0.3438,,,,,,,,,,,,,,,,,,,,,,,,,,,,,,,,,,,,,,,,,,,,,,,,,,,,,,,,,
,,,,,,,,,,,,,,,618522,001,2024-12-07_13h04.07.781,test,2024.1.4,Win32,59.52380952,674841e51ddba29a9dee134e,67546f35f927709209cd55ea,67548d8adc0c853401c11a3b,,,,,,,,,,,,,,,,,,,,,,,,,,,,,,,,,,,,,,,,,,,,,,,,,,,,,,,,,,,,,,271,block_1,,,,,,,,,,,,,,,,,,,shape_2,shape_2,shape_3,shape_2,shape_2,2,2,271,,,,,,,,,,,,,,,,,,,,,,,,,,,,,,,,,,,,,,,,,,,,,,,,,,,,,,,,,,,,,,,,,,,,,,,,,,,,,,,,,,,,,,,,,,,2371.1768,279,141,2372.6814,2372.6814,2372.9823,left,1,2372.9823,2373.0828,2373.0828,2373.3002,space,0.2037,,0,291,291,270,1,0.2855,,,,,,,,,,,,,,,,,,,,,,,,,,,,,,,,,,,,,,,,,,,,,,,,,,,,,,,,,
,,,,,,,,,,,,,,,618522,001,2024-12-07_13h04.07.781,test,2024.1.4,Win32,59.52380952,674841e51ddba29a9dee134e,67546f35f927709209cd55ea,67548d8adc0c853401c11a3b,,,,,,,,,,,,,,,,,,,,,,,,,,,,,,,,,,,,,,,,,,,,,,,,,,,,,,,,,,,,,,28,block_1,,,,,,,,,,,,,,,,,,,shape_2,shape_4,shape_3,shape_3,shape_1,1,1,28,,,,,,,,,,,,,,,,,,,,,,,,,,,,,,,,,,,,,,,,,,,,,,,,,,,,,,,,,,,,,,,,,,,,,,,,,,,,,,,,,,,,,,,,,,,2373.3006,280,142,2374.7885,2374.7886,2375.0562,left,0,2375.0563,2375.1564,2375.1565,2375.3747,space,0.203,,0,292,292,27,1,0.2438,,,,,,,,,,,,,,,,,,,,,,,,,,,,,,,,,,,,,,,,,,,,,,,,,,,,,,,,,
,,,,,,,,,,,,,,,618522,001,2024-12-07_13h04.07.781,test,2024.1.4,Win32,59.52380952,674841e51ddba29a9dee134e,67546f35f927709209cd55ea,67548d8adc0c853401c11a3b,,,,,,,,,,,,,,,,,,,,,,,,,,,,,,,,,,,,,,,,,,,,,,,,,,,,,,,,,,,,,,231,block_1,,,,,,,,,,,,,,,,,,,shape_2,shape_3,shape_3,shape_2,shape_1,2,2,231,,,,,,,,,,,,,,,,,,,,,,,,,,,,,,,,,,,,,,,,,,,,,,,,,,,,,,,,,,,,,,,,,,,,,,,,,,,,,,,,,,,,,,,,,,,2375.3751,281,141,2376.8791,2376.8791,2377.0963,left,1,2377.0965,2377.1967,2377.1969,2377.4144,space,0.1945,,0,293,293,230,1,0.1956,,,,,,,,,,,,,,,,,,,,,,,,,,,,,,,,,,,,,,,,,,,,,,,,,,,,,,,,,
,,,,,,,,,,,,,,,618522,001,2024-12-07_13h04.07.781,test,2024.1.4,Win32,59.52380952,674841e51ddba29a9dee134e,67546f35f927709209cd55ea,67548d8adc0c853401c11a3b,,,,,,,,,,,,,,,,,,,,,,,,,,,,,,,,,,,,,,,,,,,,,,,,,,,,,,,,,,,,,,56,block_1,,,,,,,,,,,,,,,,,,,shape_3,shape_2,shape_2,shape_2,shape_3,1,2,56,,,,,,,,,,,,,,,,,,,,,,,,,,,,,,,,,,,,,,,,,,,,,,,,,,,,,,,,,,,,,,,,,,,,,,,,,,,,,,,,,,,,,,,,,,,2377.4148,282,142,2378.9195,2378.9195,2379.2036,left,0,2379.2036,2379.3042,2379.3042,2379.8057,space,0.4785,,0,294,294,55,1,0.2654,,,,,,,,,,,,,,,,,,,,,,,,,,,,,,,,,,,,,,,,,,,,,,,,,,,,,,,,,
,,,,,,,,,,,,,,,618522,001,2024-12-07_13h04.07.781,test,2024.1.4,Win32,59.52380952,674841e51ddba29a9dee134e,67546f35f927709209cd55ea,67548d8adc0c853401c11a3b,,,,,,,,,,,,,,,,,,,,,,,,,,,,,,,,,,,,,,,,,,,,,,,,,,,,,,,,,,,,,,185,block_1,,,,,,,,,,,,,,,,,,,shape_1,shape_1,shape_3,shape_2,shape_2,2,2,185,,,,,,,,,,,,,,,,,,,,,,,,,,,,,,,,,,,,,,,,,,,,,,,,,,,,,,,,,,,,,,,,,,,,,,,,,,,,,,,,,,,,,,,,,,,2379.8063,283,141,2381.2942,2381.2943,2381.545,left,1,2381.5452,2381.6456,2381.6456,2382.0634,space,0.3951,,0,295,295,184,1,0.2273,,,,,,,,,,,,,,,,,,,,,,,,,,,,,,,,,,,,,,,,,,,,,,,,,,,,,,,,,
,,,,,,,,,,,,,,,618522,001,2024-12-07_13h04.07.781,test,2024.1.4,Win32,59.52380952,674841e51ddba29a9dee134e,67546f35f927709209cd55ea,67548d8adc0c853401c11a3b,,,,,,,,,,,,,,,,,,,,,,,,,,,,,,,,,,,,,,,,,,,,,,,,,,,,,,,,,,,,,,206,block_1,,,,,,,,,,,,,,,,,,,shape_3,shape_4,shape_1,shape_1,shape_3,2,2,206,,,,,,,,,,,,,,,,,,,,,,,,,,,,,,,,,,,,,,,,,,,,,,,,,,,,,,,,,,,,,,,,,,,,,,,,,,,,,,,,,,,,,,,,,,,2382.064,284,142,2383.5519,2383.5519,2383.9197,right,0,2383.9198,2384.0201,2384.0201,2384.2208,space,0.1806,,0,296,296,205,1,0.3439,,,,,,,,,,,,,,,,,,,,,,,,,,,,,,,,,,,,,,,,,,,,,,,,,,,,,,,,,
,,,,,,,,,,,,,,,618522,001,2024-12-07_13h04.07.781,test,2024.1.4,Win32,59.52380952,674841e51ddba29a9dee134e,67546f35f927709209cd55ea,67548d8adc0c853401c11a3b,,,,,,,,,,,,,,,,,,,,,,,,,,,,,,,,,,,,,,,,,,,,,,,,,,,,,,,,,,,,,,183,block_1,,,,,,,,,,,,,,,,,,,shape_1,shape_1,shape_3,shape_2,shape_2,2,2,183,,,,,,,,,,,,,,,,,,,,,,,,,,,,,,,,,,,,,,,,,,,,,,,,,,,,,,,,,,,,,,,,,,,,,,,,,,,,,,,,,,,,,,,,,,,2384.2215,285,141,2385.7262,2385.7262,2385.9602,left,1,2385.9602,2386.0605,2386.0607,2386.4117,space,0.3291,,0,297,297,182,1,0.2092,,,,,,,,,,,,,,,,,,,,,,,,,,,,,,,,,,,,,,,,,,,,,,,,,,,,,,,,,
,,,,,,,,,,,,,,,618522,001,2024-12-07_13h04.07.781,test,2024.1.4,Win32,59.52380952,674841e51ddba29a9dee134e,67546f35f927709209cd55ea,67548d8adc0c853401c11a3b,,,,,,,,,,,,,,,,,,,,,,,,,,,,,,,,,,,,,,,,,,,,,,,,,,,,,,,,,,,,,,298,block_1,,,,,,,,,,,,,,,,,,,shape_2,shape_4,shape_3,shape_3,shape_3,2,1,298,,,,,,,,,,,,,,,,,,,,,,,,,,,,,,,,,,,,,,,,,,,,,,,,,,,,,,,,,,,,,,,,,,,,,,,,,,,,,,,,,,,,,,,,,,,2386.4124,286,142,2387.9169,2387.917,2388.3518,right,0,2388.3518,2388.4523,2388.4523,2388.7196,space,0.2484,,0,298,298,297,1,0.4178,,,,,,,,,,,,,,,,,,,,,,,,,,,,,,,,,,,,,,,,,,,,,,,,,,,,,,,,,
,,,,,,,,,,,,,,,618522,001,2024-12-07_13h04.07.781,test,2024.1.4,Win32,59.52380952,674841e51ddba29a9dee134e,67546f35f927709209cd55ea,67548d8adc0c853401c11a3b,,,,,,,,,,,,,,,,,,,,,,,,,,,,,,,,,,,,,,,,,,,,,,,,,,,,,,,,,,,,,,175,block_1,,,,,,,,,,,,,,,,,,,shape_1,shape_1,shape_3,shape_2,shape_2,2,2,175,,,,,,,,,,,,,,,,,,,,,,,,,,,,,,,,,,,,,,,,,,,,,,,,,,,,,,,,,,,,,,,,,,,,,,,,,,,,,,,,,,,,,,,,,,,2388.7201,287,141,2390.208,2390.2081,2390.4923,left,1,2390.4924,2390.5928,2390.5928,2390.994,space,0.3867,,0,299,299,174,1,0.2637,,,,,,,,,,,,,,,,,,,,,,,,,,,,,,,,,,,,,,,,,,,,,,,,,,,,,,,,,
,,,,,,,,,,,,,,,618522,001,2024-12-07_13h04.07.781,test,2024.1.4,Win32,59.52380952,674841e51ddba29a9dee134e,67546f35f927709209cd55ea,67548d8adc0c853401c11a3b,,,,,,,,,,,,,,,,,,,,,,,,,,,,,,,,,,,,,,,,,,,,,,,,,,,,,,,,,,,,,,,,,,,,,,,,,,,,,,,,,,,,,,,,,,,,,,,,,,,,,,,,,,,,,,,,,,,,,,,,,,,,,,,,,,,,,,,,,,,,,,,,,,,,,,,,,,,,,,,,,,,,,,,,,,,,,,,,,,,,,,,,,,,,,,,,,,,,,,,,,,2390.9947,"[199,36,154,10,48,175,44,177,227,54,28,61]",2390.9952,0,0,0,0,1,,,,,,,,,,,,,,,,,,,,,,,,,,,,,,,,,,,,,,,,,,,,,,,,
,,,,,,,,,,,,,,,618522,001,2024-12-07_13h04.07.781,test,2024.1.4,Win32,59.52380952,674841e51ddba29a9dee134e,67546f35f927709209cd55ea,67548d8adc0c853401c11a3b,,,,,,,,,,,,,,,,,,,,,,,,,,,,,,,,,,,,,,,,,,,,,,,,,,,,,,,,,,,,,,62,block_1,,,,,,,,,,,,,,,,,,,shape_2,shape_2,shape_3,shape_2,shape_4,1,1,62,,,,,,,,,,,,,,,,,,,,,,,,,,,,,,,,,,,,,,,,,,,,,,,,,,,,,,,,,,,,,,,,,,,,,,,,,,,,,,,,,,,,,,,,,,,2391.0452,288,142,2392.5494,2392.5494,2392.6832,right,1,2392.6832,2392.7836,2392.7836,2393.118,space,0.325,,0,0,0,11,1,0.1115,,,,,,,,,,,,,,,,,,,,,,,,,,,,,,,,,,,,,,,,,,,,,,,,,,,,,,,,,
,,,,,,,,,,,,,,,618522,001,2024-12-07_13h04.07.781,test,2024.1.4,Win32,59.52380952,674841e51ddba29a9dee134e,67546f35f927709209cd55ea,67548d8adc0c853401c11a3b,,,,,,,,,,,,,,,,,,,,,,,,,,,,,,,,,,,,,,,,,,,,,,,,,,,,,,,,,,,,,,228,block_1,,,,,,,,,,,,,,,,,,,shape_2,shape_1,shape_4,shape_2,shape_2,2,2,228,,,,,,,,,,,,,,,,,,,,,,,,,,,,,,,,,,,,,,,,,,,,,,,,,,,,,,,,,,,,,,,,,,,,,,,,,,,,,,,,,,,,,,,,,,,2393.1186,289,143,2394.6065,2394.6066,2394.9075,left,1,2394.9077,2395.0082,2395.0083,2395.2755,space,0.2486,,0,1,1,8,1,0.2787,,,,,,,,,,,,,,,,,,,,,,,,,,,,,,,,,,,,,,,,,,,,,,,,,,,,,,,,,
,,,,,,,,,,,,,,,618522,001,2024-12-07_13h04.07.781,test,2024.1.4,Win32,59.52380952,674841e51ddba29a9dee134e,67546f35f927709209cd55ea,67548d8adc0c853401c11a3b,,,,,,,,,,,,,,,,,,,,,,,,,,,,,,,,,,,,,,,,,,,,,,,,,,,,,,,,,,,,,,176,block_1,,,,,,,,,,,,,,,,,,,shape_1,shape_1,shape_3,shape_2,shape_2,2,2,176,,,,,,,,,,,,,,,,,,,,,,,,,,,,,,,,,,,,,,,,,,,,,,,,,,,,,,,,,,,,,,,,,,,,,,,,,,,,,,,,,,,,,,,,,,,2395.2762,290,144,2396.7807,2396.7808,2397.0314,left,1,2397.0315,2397.1317,2397.1317,2397.5163,space,0.3679,,0,2,2,5,1,0.2272,,,,,,,,,,,,,,,,,,,,,,,,,,,,,,,,,,,,,,,,,,,,,,,,,,,,,,,,,
,,,,,,,,,,,,,,,618522,001,2024-12-07_13h04.07.781,test,2024.1.4,Win32,59.52380952,674841e51ddba29a9dee134e,67546f35f927709209cd55ea,67548d8adc0c853401c11a3b,,,,,,,,,,,,,,,,,,,,,,,,,,,,,,,,,,,,,,,,,,,,,,,,,,,,,,,,,,,,,,29,block_1,,,,,,,,,,,,,,,,,,,shape_2,shape_4,shape_3,shape_3,shape_1,1,1,29,,,,,,,,,,,,,,,,,,,,,,,,,,,,,,,,,,,,,,,,,,,,,,,,,,,,,,,,,,,,,,,,,,,,,,,,,,,,,,,,,,,,,,,,,,,2397.5172,291,145,2399.0214,2399.0214,2399.3726,right,1,2399.3726,2399.4729,2399.473,2399.8413,space,0.3515,,0,3,3,10,1,0.3353,,,,,,,,,,,,,,,,,,,,,,,,,,,,,,,,,,,,,,,,,,,,,,,,,,,,,,,,,
,,,,,,,,,,,,,,,618522,001,2024-12-07_13h04.07.781,test,2024.1.4,Win32,59.52380952,674841e51ddba29a9dee134e,67546f35f927709209cd55ea,67548d8adc0c853401c11a3b,,,,,,,,,,,,,,,,,,,,,,,,,,,,,,,,,,,,,,,,,,,,,,,,,,,,,,,,,,,,,,37,block_1,,,,,,,,,,,,,,,,,,,shape_2,shape_4,shape_4,shape_1,shape_3,1,1,37,,,,,,,,,,,,,,,,,,,,,,,,,,,,,,,,,,,,,,,,,,,,,,,,,,,,,,,,,,,,,,,,,,,,,,,,,,,,,,,,,,,,,,,,,,,2399.8419,292,146,2401.3466,2401.3466,2401.6641,right,1,2401.6642,2401.7646,2401.7647,2401.9818,space,0.2046,,0,4,4,1,1,0.2939,,,,,,,,,,,,,,,,,,,,,,,,,,,,,,,,,,,,,,,,,,,,,,,,,,,,,,,,,
,,,,,,,,,,,,,,,618522,001,2024-12-07_13h04.07.781,test,2024.1.4,Win32,59.52380952,674841e51ddba29a9dee134e,67546f35f927709209cd55ea,67548d8adc0c853401c11a3b,,,,,,,,,,,,,,,,,,,,,,,,,,,,,,,,,,,,,,,,,,,,,,,,,,,,,,,,,,,,,,11,block_1,,,,,,,,,,,,,,,,,,,shape_2,shape_2,shape_1,shape_2,shape_4,1,2,11,,,,,,,,,,,,,,,,,,,,,,,,,,,,,,,,,,,,,,,,,,,,,,,,,,,,,,,,,,,,,,,,,,,,,,,,,,,,,,,,,,,,,,,,,,,2401.9826,293,147,2403.4871,2403.4872,2403.8048,right,1,2403.8048,2403.9052,2403.9053,2404.1394,space,0.2141,,0,5,5,3,1,0.2952,,,,,,,,,,,,,,,,,,,,,,,,,,,,,,,,,,,,,,,,,,,,,,,,,,,,,,,,,
,,,,,,,,,,,,,,,618522,001,2024-12-07_13h04.07.781,test,2024.1.4,Win32,59.52380952,674841e51ddba29a9dee134e,67546f35f927709209cd55ea,67548d8adc0c853401c11a3b,,,,,,,,,,,,,,,,,,,,,,,,,,,,,,,,,,,,,,,,,,,,,,,,,,,,,,,,,,,,,,49,block_1,,,,,,,,,,,,,,,,,,,shape_4,shape_1,shape_3,shape_3,shape_4,1,1,49,,,,,,,,,,,,,,,,,,,,,,,,,,,,,,,,,,,,,,,,,,,,,,,,,,,,,,,,,,,,,,,,,,,,,,,,,,,,,,,,,,,,,,,,,,,2404.1398,294,148,2405.6445,2405.6445,2405.9622,right,1,2405.9623,2406.0627,2406.0627,2406.28,space,0.2052,,0,6,6,4,1,0.2959,,,,,,,,,,,,,,,,,,,,,,,,,,,,,,,,,,,,,,,,,,,,,,,,,,,,,,,,,
,,,,,,,,,,,,,,,618522,001,2024-12-07_13h04.07.781,test,2024.1.4,Win32,59.52380952,674841e51ddba29a9dee134e,67546f35f927709209cd55ea,67548d8adc0c853401c11a3b,,,,,,,,,,,,,,,,,,,,,,,,,,,,,,,,,,,,,,,,,,,,,,,,,,,,,,,,,,,,,,55,block_1,,,,,,,,,,,,,,,,,,,shape_3,shape_2,shape_2,shape_2,shape_3,1,2,55,,,,,,,,,,,,,,,,,,,,,,,,,,,,,,,,,,,,,,,,,,,,,,,,,,,,,,,,,,,,,,,,,,,,,,,,,,,,,,,,,,,,,,,,,,,2406.2806,295,149,2407.7848,2407.7848,2407.8517,left,0,2407.8517,2407.9521,2407.9522,2408.4039,space,0.4377,,0,7,7,9,1,0.0474,,,,,,,,,,,,,,,,,,,,,,,,,,,,,,,,,,,,,,,,,,,,,,,,,,,,,,,,,
,,,,,,,,,,,,,,,618522,001,2024-12-07_13h04.07.781,test,2024.1.4,Win32,59.52380952,674841e51ddba29a9dee134e,67546f35f927709209cd55ea,67548d8adc0c853401c11a3b,,,,,,,,,,,,,,,,,,,,,,,,,,,,,,,,,,,,,,,,,,,,,,,,,,,,,,,,,,,,,,155,block_1,,,,,,,,,,,,,,,,,,,shape_1,shape_1,shape_2,shape_1,shape_2,2,2,155,,,,,,,,,,,,,,,,,,,,,,,,,,,,,,,,,,,,,,,,,,,,,,,,,,,,,,,,,,,,,,,,,,,,,,,,,,,,,,,,,,,,,,,,,,,2408.4044,296,148,2409.9092,2409.9093,2410.2941,right,0,2410.2942,2410.3941,2410.3942,2410.7284,space,0.3149,,0,8,8,2,1,0.3697,,,,,,,,,,,,,,,,,,,,,,,,,,,,,,,,,,,,,,,,,,,,,,,,,,,,,,,,,
,,,,,,,,,,,,,,,618522,001,2024-12-07_13h04.07.781,test,2024.1.4,Win32,59.52380952,674841e51ddba29a9dee134e,67546f35f927709209cd55ea,67548d8adc0c853401c11a3b,,,,,,,,,,,,,,,,,,,,,,,,,,,,,,,,,,,,,,,,,,,,,,,,,,,,,,,,,,,,,,200,block_1,,,,,,,,,,,,,,,,,,,shape_1,shape_4,shape_3,shape_2,shape_1,2,2,200,,,,,,,,,,,,,,,,,,,,,,,,,,,,,,,,,,,,,,,,,,,,,,,,,,,,,,,,,,,,,,,,,,,,,,,,,,,,,,,,,,,,,,,,,,,2410.7291,297,147,2412.2171,2412.2171,2412.5517,right,0,2412.5517,2412.6517,2412.6519,2413.0198,space,0.3485,,0,9,9,0,1,0.3103,,,,,,,,,,,,,,,,,,,,,,,,,,,,,,,,,,,,,,,,,,,,,,,,,,,,,,,,,
,,,,,,,,,,,,,,,618522,001,2024-12-07_13h04.07.781,test,2024.1.4,Win32,59.52380952,674841e51ddba29a9dee134e,67546f35f927709209cd55ea,67548d8adc0c853401c11a3b,,,,,,,,,,,,,,,,,,,,,,,,,,,,,,,,,,,,,,,,,,,,,,,,,,,,,,,,,,,,,,178,block_1,,,,,,,,,,,,,,,,,,,shape_1,shape_1,shape_3,shape_2,shape_2,2,2,178,,,,,,,,,,,,,,,,,,,,,,,,,,,,,,,,,,,,,,,,,,,,,,,,,,,,,,,,,,,,,,,,,,,,,,,,,,,,,,,,,,,,,,,,,,,2413.0203,298,146,2414.525,2414.5251,2415.0265,,0,2415.0265,2415.1267,2415.1268,2415.3777,space,0.2335,,0,10,10,7,1,,,,,,,,,,,,,,,,,,,,,,,,,,,,,,,,,,,,,,,,,,,,,,,,,,,,,,,,,,
,,,,,,,,,,,,,,,618522,001,2024-12-07_13h04.07.781,test,2024.1.4,Win32,59.52380952,674841e51ddba29a9dee134e,67546f35f927709209cd55ea,67548d8adc0c853401c11a3b,,,,,,,,,,,,,,,,,,,,,,,,,,,,,,,,,,,,,,,,,,,,,,,,,,,,,,,,,,,,,,45,block_1,,,,,,,,,,,,,,,,,,,shape_3,shape_4,shape_1,shape_3,shape_3,1,1,45,,,,,,,,,,,,,,,,,,,,,,,,,,,,,,,,,,,,,,,,,,,,,,,,,,,,,,,,,,,,,,,,,,,,,,,,,,,,,,,,,,,,,,,,,,,2415.3784,298,146,2416.8829,2416.8829,2417.3512,right,1,2417.3512,2417.4517,2417.4518,2418.2041,space,0.7197,,0,11,11,6,1,0.4522,,,,,,,,,,,,,,,,,,,,,,,,,,,,,,,,,,,,,,,,,,,,,,,,,,,,,,,,,
,,,,,,,,,,,,,,,618522,001,2024-12-07_13h04.07.781,test,2024.1.4,Win32,59.52380952,674841e51ddba29a9dee134e,67546f35f927709209cd55ea,67548d8adc0c853401c11a3b,,,,,,,,,,,,,,,,,,,,,,,,,,,,,,,,,,,,,,,,,,,,,,,,,,,,,,,,,,,,,,,,,,,,,,,,,,,,,,,,,,,,,,,,,,,,,,,,,,,,,,,,,,,,,,,,,,,,,,,,,,,,,,,,,,,,,,,,,,,,,,,,,,,,,,,,,,,,,,,,,,,,,,,,,,,,,,,,,,,,,,,,,,,,,,,,,,,,,,,,,,2418.2043,[177],2418.2045,1,0,1,0,1,,,,,,,,,,,,,,,,,,,,,,,,,,,,,,,,,,,,,,,,,,,,,,,,
,,,,,,,,,,,,,,,618522,001,2024-12-07_13h04.07.781,test,2024.1.4,Win32,59.52380952,674841e51ddba29a9dee134e,67546f35f927709209cd55ea,67548d8adc0c853401c11a3b,,,,,,,,,,,,,,,,,,,,,,,,,,,,,,,,,,,,,,,,,,,,,,,,,,,,,,,,,,,,,,178,block_1,,,,,,,,,,,,,,,,,,,shape_1,shape_1,shape_3,shape_2,shape_2,2,2,178,,,,,,,,,,,,,,,,,,,,,,,,,,,,,,,,,,,,,,,,,,,,,,,,,,,,,,,,,,,,,,,,,,,,,,,,,,,,,,,,,,,,,,,,,,,2418.2392,299,147,2419.7428,2419.7428,2420.0773,left,1,2420.0773,2420.1776,2420.1777,2420.3949,space,0.203,,0,0,0,0,1,0.3105,,,,,,,,,,,,,,,,,,,,,,,,,,,,,,,,,,,,,,,,,,,,,,,,,,,,,,,,,
,,,,,,,,,,,,,,,618522,001,2024-12-07_13h04.07.781,test,2024.1.4,Win32,59.52380952,674841e51ddba29a9dee134e,67546f35f927709209cd55ea,67548d8adc0c853401c11a3b,,,,,,,,,,,,,,,,,,,,,,,,,,,,,,,,,,,,,,,,,,,,,,,,,,,,,,,,,,,,,,,,,,,,,,,,,,,,,,,,,,,,,,,,,,,,,,,,,,,,,,,,,,,,,,,,,,,,,,,,,,,,,,,,,,,,,,,,,,,,,,,,,,,,,,,,,,,,,,,,,,,,,,,,,,,,,,,,,,,,,,,,,,,,,,,,,,,,,,,,,,2420.3951,[],2420.3953,2,0,2,0,1,,,,,,,,,,,,,,,,,,,,,,,,,,,,,,,,,,,,,,,,,,,,,,,,
,,,,,,,,,,,,,,,618522,001,2024-12-07_13h04.07.781,test,2024.1.4,Win32,59.52380952,674841e51ddba29a9dee134e,67546f35f927709209cd55ea,67548d8adc0c853401c11a3b,,,,,,,,,,,,,,,,,,,,,,,,,,,,,,,,,,,,,,,,,,,,,,,,,,,,,,,,,,,,,,,,,,,,,,,,,,,,,,,,,,,,,,,,,,,,,,,,,,,,,,,,,,,,,,,,,,,,,,,,,,,,,,,,,,,,,,,,,,,,,,,,,,,,,,,,,,,,,,,,,,,,,,,,,,,,,,,,,,,,,,,,,,,,,,,,,,,,,,,,,,2420.4168,[],2420.4169,3,0,3,0,1,,,,,,,,,,,,,,,,,,,,,,,,,,,,,,,,,,,,,,,,,,,,,,,,
,,,,,,,,,,,,,,,618522,001,2024-12-07_13h04.07.781,test,2024.1.4,Win32,59.52380952,674841e51ddba29a9dee134e,67546f35f927709209cd55ea,67548d8adc0c853401c11a3b,,,,,,,,,,,,,,,,,,,,,,,,,,,,,,,,,,,,,,,,,,,,,,,,,,,,,,,,,,,,,,,,,,,,,,,,,,,,,,,,,,,,,,,,,,,,,,,,,,,,,,,,,,,,,,,,,,,,,,,,,,,,,,,,,,,,,,,,,,,,,,,,,,,,,,,,,,,,,,,,,,,,,,,,,,,,,,,,,,,,,,,,,,,,,,,,,,,,,,,,,,,,,,,,,,2420.4172,2488.1629,space,67.6173,,,,,,,,,,,,,,,,,,,,,,,,,,,,,,,,,,,,,,,,,,,,
,,,,,,,,,,,,,,,618522,001,2024-12-07_13h04.07.781,test,2024.1.4,Win32,59.52380952,674841e51ddba29a9dee134e,67546f35f927709209cd55ea,67548d8adc0c853401c11a3b,,,,,,,,,,,,,,,,,,,,,,,,,,,,,,,,,,,,,,,,,,,,,,,,,,,,,,,,,,,,,,137,block_2,,,,,,,,,,,,,,,,,,,shape_3,shape_3,shape_4,shape_3,shape_3,1,1,137,,,,,,,,,,,,,,,,,,,,,,,,,,,,,,,,,,,,,,,,,,,,,,,,,,,,,,,,,,,,,,,,,,,,,,,,,,,,,,,,,,,,,,,,,,,,,,,,,,,,,,,,,,,,,,,,,,,,,,,,,,,,,,2488.1916,0,0,2489.6832,2489.6836,2490.1179,,0,2490.1183,2490.1221,2490.1223,2494.4831,space,3.9613,,0,0,0,136,1,,,,,,,,,,,,,,,,,,,,,,,
,,,,,,,,,,,,,,,618522,001,2024-12-07_13h04.07.781,test,2024.1.4,Win32,59.52380952,674841e51ddba29a9dee134e,67546f35f927709209cd55ea,67548d8adc0c853401c11a3b,,,,,,,,,,,,,,,,,,,,,,,,,,,,,,,,,,,,,,,,,,,,,,,,,,,,,,,,,,,,,,97,block_2,,,,,,,,,,,,,,,,,,,shape_3,shape_3,shape_2,shape_3,shape_3,1,1,97,,,,,,,,,,,,,,,,,,,,,,,,,,,,,,,,,,,,,,,,,,,,,,,,,,,,,,,,,,,,,,,,,,,,,,,,,,,,,,,,,,,,,,,,,,,,,,,,,,,,,,,,,,,,,,,,,,,,,,,,,,,,,,2494.4839,0,0,2495.9879,2495.988,2496.2887,right,1,2496.2888,2496.6817,2496.6817,2500.3024,space,3.4739,,0,1,1,96,1,0.2873,,,,,,,,,,,,,,,,,,,,,,
,,,,,,,,,,,,,,,618522,001,2024-12-07_13h04.07.781,test,2024.1.4,Win32,59.52380952,674841e51ddba29a9dee134e,67546f35f927709209cd55ea,67548d8adc0c853401c11a3b,,,,,,,,,,,,,,,,,,,,,,,,,,,,,,,,,,,,,,,,,,,,,,,,,,,,,,,,,,,,,,292,block_2,,,,,,,,,,,,,,,,,,,shape_2,shape_4,shape_2,shape_3,shape_3,2,1,292,,,,,,,,,,,,,,,,,,,,,,,,,,,,,,,,,,,,,,,,,,,,,,,,,,,,,,,,,,,,,,,,,,,,,,,,,,,,,,,,,,,,,,,,,,,,,,,,,,,,,,,,,,,,,,,,,,,,,,,,,,,,,,2500.3028,1,1,2501.7911,2501.7912,2502.0921,right,0,2502.0922,2502.1925,2502.1927,2503.2295,space,0.9,,0,2,2,291,1,0.2788,,,,,,,,,,,,,,,,,,,,,,
,,,,,,,,,,,,,,,618522,001,2024-12-07_13h04.07.781,test,2024.1.4,Win32,59.52380952,674841e51ddba29a9dee134e,67546f35f927709209cd55ea,67548d8adc0c853401c11a3b,,,,,,,,,,,,,,,,,,,,,,,,,,,,,,,,,,,,,,,,,,,,,,,,,,,,,,,,,,,,,,89,block_2,,,,,,,,,,,,,,,,,,,shape_2,shape_2,shape_4,shape_4,shape_3,1,1,89,,,,,,,,,,,,,,,,,,,,,,,,,,,,,,,,,,,,,,,,,,,,,,,,,,,,,,,,,,,,,,,,,,,,,,,,,,,,,,,,,,,,,,,,,,,,,,,,,,,,,,,,,,,,,,,,,,,,,,,,,,,,,,2503.2302,2,0,2504.7345,2504.7345,2504.9019,right,1,2504.902,2505.0021,2505.0021,2505.3367,space,0.2402,,0,3,3,88,1,0.1461,,,,,,,,,,,,,,,,,,,,,,
,,,,,,,,,,,,,,,618522,001,2024-12-07_13h04.07.781,test,2024.1.4,Win32,59.52380952,674841e51ddba29a9dee134e,67546f35f927709209cd55ea,67548d8adc0c853401c11a3b,,,,,,,,,,,,,,,,,,,,,,,,,,,,,,,,,,,,,,,,,,,,,,,,,,,,,,,,,,,,,,264,block_2,,,,,,,,,,,,,,,,,,,shape_3,shape_3,shape_3,shape_3,shape_1,2,1,264,,,,,,,,,,,,,,,,,,,,,,,,,,,,,,,,,,,,,,,,,,,,,,,,,,,,,,,,,,,,,,,,,,,,,,,,,,,,,,,,,,,,,,,,,,,,,,,,,,,,,,,,,,,,,,,,,,,,,,,,,,,,,,2505.3371,3,1,2506.8416,2506.8417,2507.226,right,0,2507.2261,2507.3267,2507.3267,2507.6954,space,0.2969,,0,4,4,263,1,0.359,,,,,,,,,,,,,,,,,,,,,,
,,,,,,,,,,,,,,,618522,001,2024-12-07_13h04.07.781,test,2024.1.4,Win32,59.52380952,674841e51ddba29a9dee134e,67546f35f927709209cd55ea,67548d8adc0c853401c11a3b,,,,,,,,,,,,,,,,,,,,,,,,,,,,,,,,,,,,,,,,,,,,,,,,,,,,,,,,,,,,,,58,block_2,,,,,,,,,,,,,,,,,,,shape_3,shape_2,shape_2,shape_3,shape_2,1,2,58,,,,,,,,,,,,,,,,,,,,,,,,,,,,,,,,,,,,,,,,,,,,,,,,,,,,,,,,,,,,,,,,,,,,,,,,,,,,,,,,,,,,,,,,,,,,,,,,,,,,,,,,,,,,,,,,,,,,,,,,,,,,,,2507.6961,4,0,2509.1997,2509.1997,2509.5177,left,0,2509.5178,2509.6179,2509.618,2509.8524,space,0.2155,,0,5,5,57,1,0.2936,,,,,,,,,,,,,,,,,,,,,,
,,,,,,,,,,,,,,,618522,001,2024-12-07_13h04.07.781,test,2024.1.4,Win32,59.52380952,674841e51ddba29a9dee134e,67546f35f927709209cd55ea,67548d8adc0c853401c11a3b,,,,,,,,,,,,,,,,,,,,,,,,,,,,,,,,,,,,,,,,,,,,,,,,,,,,,,,,,,,,,,209,block_2,,,,,,,,,,,,,,,,,,,shape_2,shape_2,shape_2,shape_1,shape_2,2,2,209,,,,,,,,,,,,,,,,,,,,,,,,,,,,,,,,,,,,,,,,,,,,,,,,,,,,,,,,,,,,,,,,,,,,,,,,,,,,,,,,,,,,,,,,,,,,,,,,,,,,,,,,,,,,,,,,,,,,,,,,,,,,,,2509.8529,5,0,2511.3568,2511.3569,2511.6918,left,1,2511.6918,2511.7919,2511.792,2512.2602,space,0.3771,,0,6,6,208,1,0.3238,,,,,,,,,,,,,,,,,,,,,,
,,,,,,,,,,,,,,,618522,001,2024-12-07_13h04.07.781,test,2024.1.4,Win32,59.52380952,674841e51ddba29a9dee134e,67546f35f927709209cd55ea,67548d8adc0c853401c11a3b,,,,,,,,,,,,,,,,,,,,,,,,,,,,,,,,,,,,,,,,,,,,,,,,,,,,,,,,,,,,,,75,block_2,,,,,,,,,,,,,,,,,,,shape_3,shape_2,shape_3,shape_4,shape_2,1,1,75,,,,,,,,,,,,,,,,,,,,,,,,,,,,,,,,,,,,,,,,,,,,,,,,,,,,,,,,,,,,,,,,,,,,,,,,,,,,,,,,,,,,,,,,,,,,,,,,,,,,,,,,,,,,,,,,,,,,,,,,,,,,,,2512.2605,6,1,2513.7488,2513.7488,2514.1838,right,1,2514.1839,2514.284,2514.2841,2514.5681,space,0.2612,,0,7,7,74,1,0.4169,,,,,,,,,,,,,,,,,,,,,,
,,,,,,,,,,,,,,,618522,001,2024-12-07_13h04.07.781,test,2024.1.4,Win32,59.52380952,674841e51ddba29a9dee134e,67546f35f927709209cd55ea,67548d8adc0c853401c11a3b,,,,,,,,,,,,,,,,,,,,,,,,,,,,,,,,,,,,,,,,,,,,,,,,,,,,,,,,,,,,,,119,block_2,,,,,,,,,,,,,,,,,,,shape_4,shape_3,shape_4,shape_2,shape_3,1,1,119,,,,,,,,,,,,,,,,,,,,,,,,,,,,,,,,,,,,,,,,,,,,,,,,,,,,,,,,,,,,,,,,,,,,,,,,,,,,,,,,,,,,,,,,,,,,,,,,,,,,,,,,,,,,,,,,,,,,,,,,,,,,,,2514.5684,7,2,2516.0565,2516.0566,2516.391,right,1,2516.3912,2516.4912,2516.4913,2516.7087,space,0.2033,,0,8,8,118,1,0.3108,,,,,,,,,,,,,,,,,,,,,,
,,,,,,,,,,,,,,,618522,001,2024-12-07_13h04.07.781,test,2024.1.4,Win32,59.52380952,674841e51ddba29a9dee134e,67546f35f927709209cd55ea,67548d8adc0c853401c11a3b,,,,,,,,,,,,,,,,,,,,,,,,,,,,,,,,,,,,,,,,,,,,,,,,,,,,,,,,,,,,,,82,block_2,,,,,,,,,,,,,,,,,,,shape_2,shape_3,shape_3,shape_2,shape_4,1,1,82,,,,,,,,,,,,,,,,,,,,,,,,,,,,,,,,,,,,,,,,,,,,,,,,,,,,,,,,,,,,,,,,,,,,,,,,,,,,,,,,,,,,,,,,,,,,,,,,,,,,,,,,,,,,,,,,,,,,,,,,,,,,,,2516.7094,8,3,2518.2139,2518.2139,2518.4818,right,1,2518.4819,2518.5821,2518.5821,2518.7325,space,0.13,,0,9,9,81,1,0.2488,,,,,,,,,,,,,,,,,,,,,,
,,,,,,,,,,,,,,,618522,001,2024-12-07_13h04.07.781,test,2024.1.4,Win32,59.52380952,674841e51ddba29a9dee134e,67546f35f927709209cd55ea,67548d8adc0c853401c11a3b,,,,,,,,,,,,,,,,,,,,,,,,,,,,,,,,,,,,,,,,,,,,,,,,,,,,,,,,,,,,,,24,block_2,,,,,,,,,,,,,,,,,,,shape_1,shape_3,shape_2,shape_3,shape_3,1,2,24,,,,,,,,,,,,,,,,,,,,,,,,,,,,,,,,,,,,,,,,,,,,,,,,,,,,,,,,,,,,,,,,,,,,,,,,,,,,,,,,,,,,,,,,,,,,,,,,,,,,,,,,,,,,,,,,,,,,,,,,,,,,,,2518.7331,9,4,2520.2376,2520.2377,2520.6224,left,0,2520.6225,2520.7224,2520.7225,2520.8897,space,0.075,,0,10,10,23,1,0.3614,,,,,,,,,,,,,,,,,,,,,,
,,,,,,,,,,,,,,,618522,001,2024-12-07_13h04.07.781,test,2024.1.4,Win32,59.52380952,674841e51ddba29a9dee134e,67546f35f927709209cd55ea,67548d8adc0c853401c11a3b,,,,,,,,,,,,,,,,,,,,,,,,,,,,,,,,,,,,,,,,,,,,,,,,,,,,,,,,,,,,,,223,block_2,,,,,,,,,,,,,,,,,,,shape_1,shape_2,shape_2,shape_3,shape_2,2,2,223,,,,,,,,,,,,,,,,,,,,,,,,,,,,,,,,,,,,,,,,,,,,,,,,,,,,,,,,,,,,,,,,,,,,,,,,,,,,,,,,,,,,,,,,,,,,,,,,,,,,,,,,,,,,,,,,,,,,,,,,,,,,,,2520.8901,10,3,2522.3785,2522.3785,2522.7297,left,1,2522.7297,2522.8299,2522.8299,2523.064,space,0.1426,,0,11,11,222,1,0.3298,,,,,,,,,,,,,,,,,,,,,,
,,,,,,,,,,,,,,,618522,001,2024-12-07_13h04.07.781,test,2024.1.4,Win32,59.52380952,674841e51ddba29a9dee134e,67546f35f927709209cd55ea,67548d8adc0c853401c11a3b,,,,,,,,,,,,,,,,,,,,,,,,,,,,,,,,,,,,,,,,,,,,,,,,,,,,,,,,,,,,,,195,block_2,,,,,,,,,,,,,,,,,,,shape_3,shape_2,shape_3,shape_1,shape_1,2,2,195,,,,,,,,,,,,,,,,,,,,,,,,,,,,,,,,,,,,,,,,,,,,,,,,,,,,,,,,,,,,,,,,,,,,,,,,,,,,,,,,,,,,,,,,,,,,,,,,,,,,,,,,,,,,,,,,,,,,,,,,,,,,,,2523.0646,11,4,2524.5691,2524.5691,2524.9206,left,1,2524.9207,2525.0206,2525.0207,2525.2045,space,0.1689,,0,12,12,194,1,0.3266,,,,,,,,,,,,,,,,,,,,,,
,,,,,,,,,,,,,,,618522,001,2024-12-07_13h04.07.781,test,2024.1.4,Win32,59.52380952,674841e51ddba29a9dee134e,67546f35f927709209cd55ea,67548d8adc0c853401c11a3b,,,,,,,,,,,,,,,,,,,,,,,,,,,,,,,,,,,,,,,,,,,,,,,,,,,,,,,,,,,,,,272,block_2,,,,,,,,,,,,,,,,,,,shape_2,shape_3,shape_2,shape_2,shape_2,2,2,272,,,,,,,,,,,,,,,,,,,,,,,,,,,,,,,,,,,,,,,,,,,,,,,,,,,,,,,,,,,,,,,,,,,,,,,,,,,,,,,,,,,,,,,,,,,,,,,,,,,,,,,,,,,,,,,,,,,,,,,,,,,,,,2525.2048,12,5,2526.693,2526.6931,2526.9942,left,1,2526.9943,2527.0944,2527.0945,2527.2952,space,0.1803,,0,13,13,271,1,0.2843,,,,,,,,,,,,,,,,,,,,,,
,,,,,,,,,,,,,,,618522,001,2024-12-07_13h04.07.781,test,2024.1.4,Win32,59.52380952,674841e51ddba29a9dee134e,67546f35f927709209cd55ea,67548d8adc0c853401c11a3b,,,,,,,,,,,,,,,,,,,,,,,,,,,,,,,,,,,,,,,,,,,,,,,,,,,,,,,,,,,,,,50,block_2,,,,,,,,,,,,,,,,,,,shape_3,shape_1,shape_4,shape_4,shape_3,1,1,50,,,,,,,,,,,,,,,,,,,,,,,,,,,,,,,,,,,,,,,,,,,,,,,,,,,,,,,,,,,,,,,,,,,,,,,,,,,,,,,,,,,,,,,,,,,,,,,,,,,,,,,,,,,,,,,,,,,,,,,,,,,,,,2527.2958,13,6,2528.8004,2528.8005,2529.1513,right,1,2529.1513,2529.2516,2529.2516,2529.4357,space,0.1676,,0,14,14,49,1,0.3326,,,,,,,,,,,,,,,,,,,,,,
,,,,,,,,,,,,,,,618522,001,2024-12-07_13h04.07.781,test,2024.1.4,Win32,59.52380952,674841e51ddba29a9dee134e,67546f35f927709209cd55ea,67548d8adc0c853401c11a3b,,,,,,,,,,,,,,,,,,,,,,,,,,,,,,,,,,,,,,,,,,,,,,,,,,,,,,,,,,,,,,251,block_2,,,,,,,,,,,,,,,,,,,shape_4,shape_1,shape_2,shape_4,shape_2,2,1,251,,,,,,,,,,,,,,,,,,,,,,,,,,,,,,,,,,,,,,,,,,,,,,,,,,,,,,,,,,,,,,,,,,,,,,,,,,,,,,,,,,,,,,,,,,,,,,,,,,,,,,,,,,,,,,,,,,,,,,,,,,,,,,2529.436,14,7,2530.9243,2530.9244,2531.2422,right,0,2531.2422,2531.3425,2531.3425,2531.5098,space,0.0777,,0,15,15,250,1,0.2999,,,,,,,,,,,,,,,,,,,,,,
,,,,,,,,,,,,,,,618522,001,2024-12-07_13h04.07.781,test,2024.1.4,Win32,59.52380952,674841e51ddba29a9dee134e,67546f35f927709209cd55ea,67548d8adc0c853401c11a3b,,,,,,,,,,,,,,,,,,,,,,,,,,,,,,,,,,,,,,,,,,,,,,,,,,,,,,,,,,,,,,46,block_2,,,,,,,,,,,,,,,,,,,shape_3,shape_3,shape_4,shape_3,shape_1,1,1,46,,,,,,,,,,,,,,,,,,,,,,,,,,,,,,,,,,,,,,,,,,,,,,,,,,,,,,,,,,,,,,,,,,,,,,,,,,,,,,,,,,,,,,,,,,,,,,,,,,,,,,,,,,,,,,,,,,,,,,,,,,,,,,2531.5102,15,6,2533.0148,2533.0149,2533.3996,right,1,2533.3996,2533.4997,2533.4997,2533.6671,space,0.0727,,0,16,16,45,1,0.3599,,,,,,,,,,,,,,,,,,,,,,
,,,,,,,,,,,,,,,618522,001,2024-12-07_13h04.07.781,test,2024.1.4,Win32,59.52380952,674841e51ddba29a9dee134e,67546f35f927709209cd55ea,67548d8adc0c853401c11a3b,,,,,,,,,,,,,,,,,,,,,,,,,,,,,,,,,,,,,,,,,,,,,,,,,,,,,,,,,,,,,,114,block_2,,,,,,,,,,,,,,,,,,,shape_4,shape_4,shape_2,shape_3,shape_3,1,1,114,,,,,,,,,,,,,,,,,,,,,,,,,,,,,,,,,,,,,,,,,,,,,,,,,,,,,,,,,,,,,,,,,,,,,,,,,,,,,,,,,,,,,,,,,,,,,,,,,,,,,,,,,,,,,,,,,,,,,,,,,,,,,,2533.6677,16,7,2535.1721,2535.1721,2535.5233,right,1,2535.5235,2535.6237,2535.6238,2535.8245,space,0.1887,,0,17,17,113,1,0.3272,,,,,,,,,,,,,,,,,,,,,,
,,,,,,,,,,,,,,,618522,001,2024-12-07_13h04.07.781,test,2024.1.4,Win32,59.52380952,674841e51ddba29a9dee134e,67546f35f927709209cd55ea,67548d8adc0c853401c11a3b,,,,,,,,,,,,,,,,,,,,,,,,,,,,,,,,,,,,,,,,,,,,,,,,,,,,,,,,,,,,,,232,block_2,,,,,,,,,,,,,,,,,,,shape_2,shape_3,shape_1,shape_3,shape_2,2,2,232,,,,,,,,,,,,,,,,,,,,,,,,,,,,,,,,,,,,,,,,,,,,,,,,,,,,,,,,,,,,,,,,,,,,,,,,,,,,,,,,,,,,,,,,,,,,,,,,,,,,,,,,,,,,,,,,,,,,,,,,,,,,,,2535.8249,17,8,2537.3128,2537.3129,2537.5804,left,1,2537.5805,2537.6808,2537.6809,2537.8479,space,0.1544,,0,18,18,231,1,0.2428,,,,,,,,,,,,,,,,,,,,,,
,,,,,,,,,,,,,,,618522,001,2024-12-07_13h04.07.781,test,2024.1.4,Win32,59.52380952,674841e51ddba29a9dee134e,67546f35f927709209cd55ea,67548d8adc0c853401c11a3b,,,,,,,,,,,,,,,,,,,,,,,,,,,,,,,,,,,,,,,,,,,,,,,,,,,,,,,,,,,,,,163,block_2,,,,,,,,,,,,,,,,,,,shape_1,shape_4,shape_1,shape_2,shape_1,2,2,163,,,,,,,,,,,,,,,,,,,,,,,,,,,,,,,,,,,,,,,,,,,,,,,,,,,,,,,,,,,,,,,,,,,,,,,,,,,,,,,,,,,,,,,,,,,,,,,,,,,,,,,,,,,,,,,,,,,,,,,,,,,,,,2537.8485,18,9,2539.3529,2539.353,2539.6879,left,1,2539.6879,2539.7881,2539.7881,2539.9562,space,0.1551,,0,19,19,162,1,0.311,,,,,,,,,,,,,,,,,,,,,,
,,,,,,,,,,,,,,,618522,001,2024-12-07_13h04.07.781,test,2024.1.4,Win32,59.52380952,674841e51ddba29a9dee134e,67546f35f927709209cd55ea,67548d8adc0c853401c11a3b,,,,,,,,,,,,,,,,,,,,,,,,,,,,,,,,,,,,,,,,,,,,,,,,,,,,,,,,,,,,,,281,block_2,,,,,,,,,,,,,,,,,,,shape_3,shape_3,shape_2,shape_2,shape_2,2,2,281,,,,,,,,,,,,,,,,,,,,,,,,,,,,,,,,,,,,,,,,,,,,,,,,,,,,,,,,,,,,,,,,,,,,,,,,,,,,,,,,,,,,,,,,,,,,,,,,,,,,,,,,,,,,,,,,,,,,,,,,,,,,,,2539.9565,19,10,2541.4605,2541.4605,2541.8618,left,1,2541.8619,2541.962,2541.962,2542.2297,space,0.2484,,0,20,20,280,1,0.3821,,,,,,,,,,,,,,,,,,,,,,
,,,,,,,,,,,,,,,618522,001,2024-12-07_13h04.07.781,test,2024.1.4,Win32,59.52380952,674841e51ddba29a9dee134e,67546f35f927709209cd55ea,67548d8adc0c853401c11a3b,,,,,,,,,,,,,,,,,,,,,,,,,,,,,,,,,,,,,,,,,,,,,,,,,,,,,,,,,,,,,,197,block_2,,,,,,,,,,,,,,,,,,,shape_3,shape_3,shape_2,shape_1,shape_1,2,2,197,,,,,,,,,,,,,,,,,,,,,,,,,,,,,,,,,,,,,,,,,,,,,,,,,,,,,,,,,,,,,,,,,,,,,,,,,,,,,,,,,,,,,,,,,,,,,,,,,,,,,,,,,,,,,,,,,,,,,,,,,,,,,,2542.2303,20,11,2543.7349,2543.735,2544.1198,left,1,2544.1198,2544.22,2544.22,2544.3545,space,0.1212,,0,21,21,196,1,0.3604,,,,,,,,,,,,,,,,,,,,,,
,,,,,,,,,,,,,,,618522,001,2024-12-07_13h04.07.781,test,2024.1.4,Win32,59.52380952,674841e51ddba29a9dee134e,67546f35f927709209cd55ea,67548d8adc0c853401c11a3b,,,,,,,,,,,,,,,,,,,,,,,,,,,,,,,,,,,,,,,,,,,,,,,,,,,,,,,,,,,,,,189,block_2,,,,,,,,,,,,,,,,,,,shape_1,shape_4,shape_1,shape_2,shape_2,2,2,189,,,,,,,,,,,,,,,,,,,,,,,,,,,,,,,,,,,,,,,,,,,,,,,,,,,,,,,,,,,,,,,,,,,,,,,,,,,,,,,,,,,,,,,,,,,,,,,,,,,,,,,,,,,,,,,,,,,,,,,,,,,,,,2544.3549,21,12,2545.8587,2545.8588,2546.2266,left,1,2546.2266,2546.3271,2546.3272,2546.5446,space,0.1971,,0,22,22,188,1,0.3486,,,,,,,,,,,,,,,,,,,,,,
,,,,,,,,,,,,,,,618522,001,2024-12-07_13h04.07.781,test,2024.1.4,Win32,59.52380952,674841e51ddba29a9dee134e,67546f35f927709209cd55ea,67548d8adc0c853401c11a3b,,,,,,,,,,,,,,,,,,,,,,,,,,,,,,,,,,,,,,,,,,,,,,,,,,,,,,,,,,,,,,85,block_2,,,,,,,,,,,,,,,,,,,shape_2,shape_2,shape_3,shape_4,shape_3,1,1,85,,,,,,,,,,,,,,,,,,,,,,,,,,,,,,,,,,,,,,,,,,,,,,,,,,,,,,,,,,,,,,,,,,,,,,,,,,,,,,,,,,,,,,,,,,,,,,,,,,,,,,,,,,,,,,,,,,,,,,,,,,,,,,2546.5452,22,13,2548.0497,2548.0497,2548.2505,right,1,2548.2506,2548.3508,2548.3508,2548.5683,space,0.197,,0,23,23,84,1,0.1778,,,,,,,,,,,,,,,,,,,,,,
,,,,,,,,,,,,,,,618522,001,2024-12-07_13h04.07.781,test,2024.1.4,Win32,59.52380952,674841e51ddba29a9dee134e,67546f35f927709209cd55ea,67548d8adc0c853401c11a3b,,,,,,,,,,,,,,,,,,,,,,,,,,,,,,,,,,,,,,,,,,,,,,,,,,,,,,,,,,,,,,213,block_2,,,,,,,,,,,,,,,,,,,shape_1,shape_3,shape_2,shape_2,shape_2,2,2,213,,,,,,,,,,,,,,,,,,,,,,,,,,,,,,,,,,,,,,,,,,,,,,,,,,,,,,,,,,,,,,,,,,,,,,,,,,,,,,,,,,,,,,,,,,,,,,,,,,,,,,,,,,,,,,,,,,,,,,,,,,,,,,2548.5688,23,14,2550.0733,2550.0734,2550.3744,left,1,2550.3745,2550.4747,2550.4748,2550.6422,space,0.1451,,0,24,24,212,1,0.2802,,,,,,,,,,,,,,,,,,,,,,
,,,,,,,,,,,,,,,618522,001,2024-12-07_13h04.07.781,test,2024.1.4,Win32,59.52380952,674841e51ddba29a9dee134e,67546f35f927709209cd55ea,67548d8adc0c853401c11a3b,,,,,,,,,,,,,,,,,,,,,,,,,,,,,,,,,,,,,,,,,,,,,,,,,,,,,,,,,,,,,,278,block_2,,,,,,,,,,,,,,,,,,,shape_3,shape_2,shape_3,shape_2,shape_2,2,2,278,,,,,,,,,,,,,,,,,,,,,,,,,,,,,,,,,,,,,,,,,,,,,,,,,,,,,,,,,,,,,,,,,,,,,,,,,,,,,,,,,,,,,,,,,,,,,,,,,,,,,,,,,,,,,,,,,,,,,,,,,,,,,,2550.6427,24,15,2552.1471,2552.1471,2552.4651,left,1,2552.4651,2552.5652,2552.5653,2552.7493,space,0.1634,,0,25,25,277,1,0.293,,,,,,,,,,,,,,,,,,,,,,
,,,,,,,,,,,,,,,618522,001,2024-12-07_13h04.07.781,test,2024.1.4,Win32,59.52380952,674841e51ddba29a9dee134e,67546f35f927709209cd55ea,67548d8adc0c853401c11a3b,,,,,,,,,,,,,,,,,,,,,,,,,,,,,,,,,,,,,,,,,,,,,,,,,,,,,,,,,,,,,,30,block_2,,,,,,,,,,,,,,,,,,,shape_2,shape_4,shape_3,shape_1,shape_3,1,1,30,,,,,,,,,,,,,,,,,,,,,,,,,,,,,,,,,,,,,,,,,,,,,,,,,,,,,,,,,,,,,,,,,,,,,,,,,,,,,,,,,,,,,,,,,,,,,,,,,,,,,,,,,,,,,,,,,,,,,,,,,,,,,,2552.7498,25,16,2554.2543,2554.2544,2554.7066,right,1,2554.7066,2554.8062,2554.8063,2555.0739,space,0.2505,,0,26,26,29,1,0.4357,,,,,,,,,,,,,,,,,,,,,,
,,,,,,,,,,,,,,,618522,001,2024-12-07_13h04.07.781,test,2024.1.4,Win32,59.52380952,674841e51ddba29a9dee134e,67546f35f927709209cd55ea,67548d8adc0c853401c11a3b,,,,,,,,,,,,,,,,,,,,,,,,,,,,,,,,,,,,,,,,,,,,,,,,,,,,,,,,,,,,,,193,block_2,,,,,,,,,,,,,,,,,,,shape_1,shape_3,shape_2,shape_1,shape_3,2,2,193,,,,,,,,,,,,,,,,,,,,,,,,,,,,,,,,,,,,,,,,,,,,,,,,,,,,,,,,,,,,,,,,,,,,,,,,,,,,,,,,,,,,,,,,,,,,,,,,,,,,,,,,,,,,,,,,,,,,,,,,,,,,,,2555.0744,26,17,2556.5788,2556.5788,2556.7295,left,1,2556.7295,2556.8298,2556.8299,2557.182,space,0.3401,,0,27,27,192,1,0.1256,,,,,,,,,,,,,,,,,,,,,,
,,,,,,,,,,,,,,,618522,001,2024-12-07_13h04.07.781,test,2024.1.4,Win32,59.52380952,674841e51ddba29a9dee134e,67546f35f927709209cd55ea,67548d8adc0c853401c11a3b,,,,,,,,,,,,,,,,,,,,,,,,,,,,,,,,,,,,,,,,,,,,,,,,,,,,,,,,,,,,,,52,block_2,,,,,,,,,,,,,,,,,,,shape_4,shape_4,shape_3,shape_4,shape_1,1,1,52,,,,,,,,,,,,,,,,,,,,,,,,,,,,,,,,,,,,,,,,,,,,,,,,,,,,,,,,,,,,,,,,,,,,,,,,,,,,,,,,,,,,,,,,,,,,,,,,,,,,,,,,,,,,,,,,,,,,,,,,,,,,,,2557.1826,27,18,2558.6864,2558.6864,2558.9875,right,1,2558.9876,2559.0874,2559.0875,2559.3889,space,0.2806,,0,28,28,51,1,0.2781,,,,,,,,,,,,,,,,,,,,,,
,,,,,,,,,,,,,,,618522,001,2024-12-07_13h04.07.781,test,2024.1.4,Win32,59.52380952,674841e51ddba29a9dee134e,67546f35f927709209cd55ea,67548d8adc0c853401c11a3b,,,,,,,,,,,,,,,,,,,,,,,,,,,,,,,,,,,,,,,,,,,,,,,,,,,,,,,,,,,,,,271,block_2,,,,,,,,,,,,,,,,,,,shape_2,shape_2,shape_3,shape_2,shape_2,2,2,271,,,,,,,,,,,,,,,,,,,,,,,,,,,,,,,,,,,,,,,,,,,,,,,,,,,,,,,,,,,,,,,,,,,,,,,,,,,,,,,,,,,,,,,,,,,,,,,,,,,,,,,,,,,,,,,,,,,,,,,,,,,,,,2559.3896,28,19,2560.8939,2560.8939,2561.1616,left,1,2561.1618,2561.2617,2561.2618,2561.5127,space,0.2342,,0,29,29,270,1,0.243,,,,,,,,,,,,,,,,,,,,,,
,,,,,,,,,,,,,,,618522,001,2024-12-07_13h04.07.781,test,2024.1.4,Win32,59.52380952,674841e51ddba29a9dee134e,67546f35f927709209cd55ea,67548d8adc0c853401c11a3b,,,,,,,,,,,,,,,,,,,,,,,,,,,,,,,,,,,,,,,,,,,,,,,,,,,,,,,,,,,,,,21,block_2,,,,,,,,,,,,,,,,,,,shape_4,shape_2,shape_4,shape_2,shape_1,1,1,21,,,,,,,,,,,,,,,,,,,,,,,,,,,,,,,,,,,,,,,,,,,,,,,,,,,,,,,,,,,,,,,,,,,,,,,,,,,,,,,,,,,,,,,,,,,,,,,,,,,,,,,,,,,,,,,,,,,,,,,,,,,,,,2561.5131,29,20,2563.0177,2563.0178,2563.3356,left,0,2563.3356,2563.4358,2563.4359,2563.6534,space,0.1129,,0,30,30,20,1,0.293,,,,,,,,,,,,,,,,,,,,,,
,,,,,,,,,,,,,,,618522,001,2024-12-07_13h04.07.781,test,2024.1.4,Win32,59.52380952,674841e51ddba29a9dee134e,67546f35f927709209cd55ea,67548d8adc0c853401c11a3b,,,,,,,,,,,,,,,,,,,,,,,,,,,,,,,,,,,,,,,,,,,,,,,,,,,,,,,,,,,,,,165,block_2,,,,,,,,,,,,,,,,,,,shape_3,shape_1,shape_1,shape_3,shape_1,2,2,165,,,,,,,,,,,,,,,,,,,,,,,,,,,,,,,,,,,,,,,,,,,,,,,,,,,,,,,,,,,,,,,,,,,,,,,,,,,,,,,,,,,,,,,,,,,,,,,,,,,,,,,,,,,,,,,,,,,,,,,,,,,,,,2563.6539,30,19,2565.1584,2565.1585,2565.426,left,1,2565.426,2565.5263,2565.5264,2565.727,space,0.1121,,0,31,31,164,1,0.2448,,,,,,,,,,,,,,,,,,,,,,
,,,,,,,,,,,,,,,618522,001,2024-12-07_13h04.07.781,test,2024.1.4,Win32,59.52380952,674841e51ddba29a9dee134e,67546f35f927709209cd55ea,67548d8adc0c853401c11a3b,,,,,,,,,,,,,,,,,,,,,,,,,,,,,,,,,,,,,,,,,,,,,,,,,,,,,,,,,,,,,,8,block_2,,,,,,,,,,,,,,,,,,,shape_1,shape_3,shape_4,shape_1,shape_4,1,1,8,,,,,,,,,,,,,,,,,,,,,,,,,,,,,,,,,,,,,,,,,,,,,,,,,,,,,,,,,,,,,,,,,,,,,,,,,,,,,,,,,,,,,,,,,,,,,,,,,,,,,,,,,,,,,,,,,,,,,,,,,,,,,,2565.7276,31,20,2567.2322,2567.2322,2567.7172,left,0,2567.7172,2567.817,2567.8172,2568.0846,space,0.1882,,0,32,32,7,1,0.4683,,,,,,,,,,,,,,,,,,,,,,
,,,,,,,,,,,,,,,618522,001,2024-12-07_13h04.07.781,test,2024.1.4,Win32,59.52380952,674841e51ddba29a9dee134e,67546f35f927709209cd55ea,67548d8adc0c853401c11a3b,,,,,,,,,,,,,,,,,,,,,,,,,,,,,,,,,,,,,,,,,,,,,,,,,,,,,,,,,,,,,,196,block_2,,,,,,,,,,,,,,,,,,,shape_1,shape_3,shape_1,shape_2,shape_3,2,2,196,,,,,,,,,,,,,,,,,,,,,,,,,,,,,,,,,,,,,,,,,,,,,,,,,,,,,,,,,,,,,,,,,,,,,,,,,,,,,,,,,,,,,,,,,,,,,,,,,,,,,,,,,,,,,,,,,,,,,,,,,,,,,,2568.085,32,19,2569.5731,2569.5732,2569.9078,left,1,2569.9078,2570.008,2570.0081,2570.1419,space,0.0583,,0,33,33,195,1,0.3149,,,,,,,,,,,,,,,,,,,,,,
,,,,,,,,,,,,,,,618522,001,2024-12-07_13h04.07.781,test,2024.1.4,Win32,59.52380952,674841e51ddba29a9dee134e,67546f35f927709209cd55ea,67548d8adc0c853401c11a3b,,,,,,,,,,,,,,,,,,,,,,,,,,,,,,,,,,,,,,,,,,,,,,,,,,,,,,,,,,,,,,182,block_2,,,,,,,,,,,,,,,,,,,shape_2,shape_3,shape_1,shape_2,shape_1,2,2,182,,,,,,,,,,,,,,,,,,,,,,,,,,,,,,,,,,,,,,,,,,,,,,,,,,,,,,,,,,,,,,,,,,,,,,,,,,,,,,,,,,,,,,,,,,,,,,,,,,,,,,,,,,,,,,,,,,,,,,,,,,,,,,2570.1423,33,20,2571.6306,2571.6306,2572.1324,,0,2572.1325,2572.2327,2572.2328,2572.4669,space,0.2179,,0,34,34,181,1,,,,,,,,,,,,,,,,,,,,,,,
,,,,,,,,,,,,,,,618522,001,2024-12-07_13h04.07.781,test,2024.1.4,Win32,59.52380952,674841e51ddba29a9dee134e,67546f35f927709209cd55ea,67548d8adc0c853401c11a3b,,,,,,,,,,,,,,,,,,,,,,,,,,,,,,,,,,,,,,,,,,,,,,,,,,,,,,,,,,,,,,146,block_2,,,,,,,,,,,,,,,,,,,shape_4,shape_3,shape_4,shape_4,shape_3,1,1,146,,,,,,,,,,,,,,,,,,,,,,,,,,,,,,,,,,,,,,,,,,,,,,,,,,,,,,,,,,,,,,,,,,,,,,,,,,,,,,,,,,,,,,,,,,,,,,,,,,,,,,,,,,,,,,,,,,,,,,,,,,,,,,2572.4675,33,20,2573.9718,2573.972,2574.1225,right,1,2574.1226,2574.2228,2574.2228,2574.5073,space,0.1841,,0,35,35,145,1,0.1409,,,,,,,,,,,,,,,,,,,,,,
,,,,,,,,,,,,,,,618522,001,2024-12-07_13h04.07.781,test,2024.1.4,Win32,59.52380952,674841e51ddba29a9dee134e,67546f35f927709209cd55ea,67548d8adc0c853401c11a3b,,,,,,,,,,,,,,,,,,,,,,,,,,,,,,,,,,,,,,,,,,,,,,,,,,,,,,,,,,,,,,20,block_2,,,,,,,,,,,,,,,,,,,shape_2,shape_3,shape_2,shape_4,shape_1,1,2,20,,,,,,,,,,,,,,,,,,,,,,,,,,,,,,,,,,,,,,,,,,,,,,,,,,,,,,,,,,,,,,,,,,,,,,,,,,,,,,,,,,,,,,,,,,,,,,,,,,,,,,,,,,,,,,,,,,,,,,,,,,,,,,2574.5078,34,21,2576.0121,2576.0122,2576.2967,left,0,2576.2967,2576.397,2576.3971,2576.5812,space,0.0887,,0,36,36,19,1,0.2674,,,,,,,,,,,,,,,,,,,,,,
,,,,,,,,,,,,,,,618522,001,2024-12-07_13h04.07.781,test,2024.1.4,Win32,59.52380952,674841e51ddba29a9dee134e,67546f35f927709209cd55ea,67548d8adc0c853401c11a3b,,,,,,,,,,,,,,,,,,,,,,,,,,,,,,,,,,,,,,,,,,,,,,,,,,,,,,,,,,,,,,99,block_2,,,,,,,,,,,,,,,,,,,shape_3,shape_2,shape_3,shape_3,shape_3,1,1,99,,,,,,,,,,,,,,,,,,,,,,,,,,,,,,,,,,,,,,,,,,,,,,,,,,,,,,,,,,,,,,,,,,,,,,,,,,,,,,,,,,,,,,,,,,,,,,,,,,,,,,,,,,,,,,,,,,,,,,,,,,,,,,2576.5817,35,20,2578.086,2578.0861,2578.387,right,1,2578.3871,2578.4875,2578.4875,2743.1186,space,164.5444,,0,37,37,98,1,0.2823,,,,,,,,,,,,,,,,,,,,,,
,,,,,,,,,,,,,,,618522,001,2024-12-07_13h04.07.781,test,2024.1.4,Win32,59.52380952,674841e51ddba29a9dee134e,67546f35f927709209cd55ea,67548d8adc0c853401c11a3b,,,,,,,,,,,,,,,,,,,,,,,,,,,,,,,,,,,,,,,,,,,,,,,,,,,,,,,,,,,,,,47,block_2,,,,,,,,,,,,,,,,,,,shape_1,shape_3,shape_4,shape_3,shape_4,1,1,47,,,,,,,,,,,,,,,,,,,,,,,,,,,,,,,,,,,,,,,,,,,,,,,,,,,,,,,,,,,,,,,,,,,,,,,,,,,,,,,,,,,,,,,,,,,,,,,,,,,,,,,,,,,,,,,,,,,,,,,,,,,,,,2743.1192,36,21,2744.6074,2744.6074,2744.9252,right,1,2744.9253,2745.025,2745.025,2745.4946,space,0.4601,,0,38,38,46,1,0.2956,,,,,,,,,,,,,,,,,,,,,,
,,,,,,,,,,,,,,,618522,001,2024-12-07_13h04.07.781,test,2024.1.4,Win32,59.52380952,674841e51ddba29a9dee134e,67546f35f927709209cd55ea,67548d8adc0c853401c11a3b,,,,,,,,,,,,,,,,,,,,,,,,,,,,,,,,,,,,,,,,,,,,,,,,,,,,,,,,,,,,,,121,block_2,,,,,,,,,,,,,,,,,,,shape_4,shape_2,shape_3,shape_3,shape_4,1,1,121,,,,,,,,,,,,,,,,,,,,,,,,,,,,,,,,,,,,,,,,,,,,,,,,,,,,,,,,,,,,,,,,,,,,,,,,,,,,,,,,,,,,,,,,,,,,,,,,,,,,,,,,,,,,,,,,,,,,,,,,,,,,,,2745.4951,37,22,2746.9989,2746.999,2747.2662,right,1,2747.2662,2747.3666,2747.3667,2747.6007,space,0.2236,,0,39,39,120,1,0.2516,,,,,,,,,,,,,,,,,,,,,,
,,,,,,,,,,,,,,,618522,001,2024-12-07_13h04.07.781,test,2024.1.4,Win32,59.52380952,674841e51ddba29a9dee134e,67546f35f927709209cd55ea,67548d8adc0c853401c11a3b,,,,,,,,,,,,,,,,,,,,,,,,,,,,,,,,,,,,,,,,,,,,,,,,,,,,,,,,,,,,,,250,block_2,,,,,,,,,,,,,,,,,,,shape_2,shape_2,shape_1,shape_3,shape_4,2,2,250,,,,,,,,,,,,,,,,,,,,,,,,,,,,,,,,,,,,,,,,,,,,,,,,,,,,,,,,,,,,,,,,,,,,,,,,,,,,,,,,,,,,,,,,,,,,,,,,,,,,,,,,,,,,,,,,,,,,,,,,,,,,,,2747.6011,38,23,2749.0895,2749.0896,2749.3907,left,1,2749.3908,2749.4907,2749.4908,2749.7754,space,0.2656,,0,40,40,249,1,0.2798,,,,,,,,,,,,,,,,,,,,,,
,,,,,,,,,,,,,,,618522,001,2024-12-07_13h04.07.781,test,2024.1.4,Win32,59.52380952,674841e51ddba29a9dee134e,67546f35f927709209cd55ea,67548d8adc0c853401c11a3b,,,,,,,,,,,,,,,,,,,,,,,,,,,,,,,,,,,,,,,,,,,,,,,,,,,,,,,,,,,,,,118,block_2,,,,,,,,,,,,,,,,,,,shape_3,shape_4,shape_2,shape_3,shape_4,1,1,118,,,,,,,,,,,,,,,,,,,,,,,,,,,,,,,,,,,,,,,,,,,,,,,,,,,,,,,,,,,,,,,,,,,,,,,,,,,,,,,,,,,,,,,,,,,,,,,,,,,,,,,,,,,,,,,,,,,,,,,,,,,,,,2749.7759,39,24,2751.2804,2751.2805,2751.5475,right,1,2751.5475,2751.6481,2751.6481,2751.8491,space,0.179,,0,41,41,117,1,0.2439,,,,,,,,,,,,,,,,,,,,,,
,,,,,,,,,,,,,,,618522,001,2024-12-07_13h04.07.781,test,2024.1.4,Win32,59.52380952,674841e51ddba29a9dee134e,67546f35f927709209cd55ea,67548d8adc0c853401c11a3b,,,,,,,,,,,,,,,,,,,,,,,,,,,,,,,,,,,,,,,,,,,,,,,,,,,,,,,,,,,,,,207,block_2,,,,,,,,,,,,,,,,,,,shape_3,shape_1,shape_3,shape_1,shape_4,2,2,207,,,,,,,,,,,,,,,,,,,,,,,,,,,,,,,,,,,,,,,,,,,,,,,,,,,,,,,,,,,,,,,,,,,,,,,,,,,,,,,,,,,,,,,,,,,,,,,,,,,,,,,,,,,,,,,,,,,,,,,,,,,,,,2751.8495,40,25,2753.3535,2753.3536,2753.8387,left,1,2753.8387,2753.9389,2753.9389,2754.2403,space,0.2851,,0,42,42,206,1,0.4647,,,,,,,,,,,,,,,,,,,,,,
,,,,,,,,,,,,,,,618522,001,2024-12-07_13h04.07.781,test,2024.1.4,Win32,59.52380952,674841e51ddba29a9dee134e,67546f35f927709209cd55ea,67548d8adc0c853401c11a3b,,,,,,,,,,,,,,,,,,,,,,,,,,,,,,,,,,,,,,,,,,,,,,,,,,,,,,,,,,,,,,273,block_2,,,,,,,,,,,,,,,,,,,shape_2,shape_2,shape_2,shape_3,shape_2,2,2,273,,,,,,,,,,,,,,,,,,,,,,,,,,,,,,,,,,,,,,,,,,,,,,,,,,,,,,,,,,,,,,,,,,,,,,,,,,,,,,,,,,,,,,,,,,,,,,,,,,,,,,,,,,,,,,,,,,,,,,,,,,,,,,2754.2409,41,26,2755.729,2755.729,2756.0467,left,1,2756.0468,2756.1466,2756.1467,2756.5817,space,0.4158,,0,43,43,272,1,0.2927,,,,,,,,,,,,,,,,,,,,,,
,,,,,,,,,,,,,,,618522,001,2024-12-07_13h04.07.781,test,2024.1.4,Win32,59.52380952,674841e51ddba29a9dee134e,67546f35f927709209cd55ea,67548d8adc0c853401c11a3b,,,,,,,,,,,,,,,,,,,,,,,,,,,,,,,,,,,,,,,,,,,,,,,,,,,,,,,,,,,,,,239,block_2,,,,,,,,,,,,,,,,,,,shape_1,shape_3,shape_3,shape_2,shape_2,2,2,239,,,,,,,,,,,,,,,,,,,,,,,,,,,,,,,,,,,,,,,,,,,,,,,,,,,,,,,,,,,,,,,,,,,,,,,,,,,,,,,,,,,,,,,,,,,,,,,,,,,,,,,,,,,,,,,,,,,,,,,,,,,,,,2756.5822,42,27,2758.0701,2758.0702,2758.3712,left,1,2758.3712,2758.4716,2758.4716,2758.7559,space,0.2638,,0,44,44,238,1,0.2795,,,,,,,,,,,,,,,,,,,,,,
,,,,,,,,,,,,,,,618522,001,2024-12-07_13h04.07.781,test,2024.1.4,Win32,59.52380952,674841e51ddba29a9dee134e,67546f35f927709209cd55ea,67548d8adc0c853401c11a3b,,,,,,,,,,,,,,,,,,,,,,,,,,,,,,,,,,,,,,,,,,,,,,,,,,,,,,,,,,,,,,136,block_2,,,,,,,,,,,,,,,,,,,shape_3,shape_3,shape_3,shape_4,shape_3,1,1,136,,,,,,,,,,,,,,,,,,,,,,,,,,,,,,,,,,,,,,,,,,,,,,,,,,,,,,,,,,,,,,,,,,,,,,,,,,,,,,,,,,,,,,,,,,,,,,,,,,,,,,,,,,,,,,,,,,,,,,,,,,,,,,2758.7564,43,28,2760.2611,2760.2611,2760.5621,right,1,2760.5623,2760.6624,2760.6625,2760.8132,space,0.1314,,0,45,45,135,1,0.2767,,,,,,,,,,,,,,,,,,,,,,
,,,,,,,,,,,,,,,618522,001,2024-12-07_13h04.07.781,test,2024.1.4,Win32,59.52380952,674841e51ddba29a9dee134e,67546f35f927709209cd55ea,67548d8adc0c853401c11a3b,,,,,,,,,,,,,,,,,,,,,,,,,,,,,,,,,,,,,,,,,,,,,,,,,,,,,,,,,,,,,,220,block_2,,,,,,,,,,,,,,,,,,,shape_2,shape_3,shape_2,shape_1,shape_2,2,2,220,,,,,,,,,,,,,,,,,,,,,,,,,,,,,,,,,,,,,,,,,,,,,,,,,,,,,,,,,,,,,,,,,,,,,,,,,,,,,,,,,,,,,,,,,,,,,,,,,,,,,,,,,,,,,,,,,,,,,,,,,,,,,,2760.8136,44,29,2762.3183,2762.3184,2762.6192,left,1,2762.6194,2762.7196,2762.7197,2762.9538,space,0.2138,,0,46,46,219,1,0.2791,,,,,,,,,,,,,,,,,,,,,,
,,,,,,,,,,,,,,,618522,001,2024-12-07_13h04.07.781,test,2024.1.4,Win32,59.52380952,674841e51ddba29a9dee134e,67546f35f927709209cd55ea,67548d8adc0c853401c11a3b,,,,,,,,,,,,,,,,,,,,,,,,,,,,,,,,,,,,,,,,,,,,,,,,,,,,,,,,,,,,,,216,block_2,,,,,,,,,,,,,,,,,,,shape_2,shape_2,shape_1,shape_3,shape_2,2,2,216,,,,,,,,,,,,,,,,,,,,,,,,,,,,,,,,,,,,,,,,,,,,,,,,,,,,,,,,,,,,,,,,,,,,,,,,,,,,,,,,,,,,,,,,,,,,,,,,,,,,,,,,,,,,,,,,,,,,,,,,,,,,,,2762.9544,45,30,2764.4588,2764.4588,2764.7596,left,1,2764.7597,2764.8597,2764.8597,2765.0104,space,0.1392,,0,47,47,215,1,0.2765,,,,,,,,,,,,,,,,,,,,,,
,,,,,,,,,,,,,,,618522,001,2024-12-07_13h04.07.781,test,2024.1.4,Win32,59.52380952,674841e51ddba29a9dee134e,67546f35f927709209cd55ea,67548d8adc0c853401c11a3b,,,,,,,,,,,,,,,,,,,,,,,,,,,,,,,,,,,,,,,,,,,,,,,,,,,,,,,,,,,,,,199,block_2,,,,,,,,,,,,,,,,,,,shape_1,shape_3,shape_1,shape_4,shape_2,2,2,199,,,,,,,,,,,,,,,,,,,,,,,,,,,,,,,,,,,,,,,,,,,,,,,,,,,,,,,,,,,,,,,,,,,,,,,,,,,,,,,,,,,,,,,,,,,,,,,,,,,,,,,,,,,,,,,,,,,,,,,,,,,,,,2765.0108,46,31,2766.4991,2766.4992,2766.8504,left,1,2766.8506,2766.9506,2766.9507,2767.1846,space,0.2156,,0,48,48,198,1,0.3264,,,,,,,,,,,,,,,,,,,,,,
,,,,,,,,,,,,,,,618522,001,2024-12-07_13h04.07.781,test,2024.1.4,Win32,59.52380952,674841e51ddba29a9dee134e,67546f35f927709209cd55ea,67548d8adc0c853401c11a3b,,,,,,,,,,,,,,,,,,,,,,,,,,,,,,,,,,,,,,,,,,,,,,,,,,,,,,,,,,,,,,88,block_2,,,,,,,,,,,,,,,,,,,shape_2,shape_3,shape_2,shape_4,shape_4,1,1,88,,,,,,,,,,,,,,,,,,,,,,,,,,,,,,,,,,,,,,,,,,,,,,,,,,,,,,,,,,,,,,,,,,,,,,,,,,,,,,,,,,,,,,,,,,,,,,,,,,,,,,,,,,,,,,,,,,,,,,,,,,,,,,2767.185,47,32,2768.6733,2768.6734,2768.9575,right,1,2768.9576,2769.0581,2769.0581,2769.2252,space,0.149,,0,49,49,87,1,0.2597,,,,,,,,,,,,,,,,,,,,,,
,,,,,,,,,,,,,,,618522,001,2024-12-07_13h04.07.781,test,2024.1.4,Win32,59.52380952,674841e51ddba29a9dee134e,67546f35f927709209cd55ea,67548d8adc0c853401c11a3b,,,,,,,,,,,,,,,,,,,,,,,,,,,,,,,,,,,,,,,,,,,,,,,,,,,,,,,,,,,,,,2,block_2,,,,,,,,,,,,,,,,,,,shape_2,shape_1,shape_2,shape_4,shape_1,1,2,2,,,,,,,,,,,,,,,,,,,,,,,,,,,,,,,,,,,,,,,,,,,,,,,,,,,,,,,,,,,,,,,,,,,,,,,,,,,,,,,,,,,,,,,,,,,,,,,,,,,,,,,,,,,,,,,,,,,,,,,,,,,,,,2769.2257,48,33,2770.7303,2770.7303,2770.8809,left,0,2770.881,2770.981,2770.9812,2771.2488,space,0.1114,,0,50,50,1,1,0.1297,,,,,,,,,,,,,,,,,,,,,,
,,,,,,,,,,,,,,,618522,001,2024-12-07_13h04.07.781,test,2024.1.4,Win32,59.52380952,674841e51ddba29a9dee134e,67546f35f927709209cd55ea,67548d8adc0c853401c11a3b,,,,,,,,,,,,,,,,,,,,,,,,,,,,,,,,,,,,,,,,,,,,,,,,,,,,,,,,,,,,,,130,block_2,,,,,,,,,,,,,,,,,,,shape_4,shape_4,shape_2,shape_4,shape_3,1,1,130,,,,,,,,,,,,,,,,,,,,,,,,,,,,,,,,,,,,,,,,,,,,,,,,,,,,,,,,,,,,,,,,,,,,,,,,,,,,,,,,,,,,,,,,,,,,,,,,,,,,,,,,,,,,,,,,,,,,,,,,,,,,,,2771.2493,49,32,2772.7374,2772.7374,2773.2051,right,1,2773.2051,2773.3058,2773.3058,2773.6236,space,0.1848,,0,51,51,129,1,0.4421,,,,,,,,,,,,,,,,,,,,,,
,,,,,,,,,,,,,,,618522,001,2024-12-07_13h04.07.781,test,2024.1.4,Win32,59.52380952,674841e51ddba29a9dee134e,67546f35f927709209cd55ea,67548d8adc0c853401c11a3b,,,,,,,,,,,,,,,,,,,,,,,,,,,,,,,,,,,,,,,,,,,,,,,,,,,,,,,,,,,,,,234,block_2,,,,,,,,,,,,,,,,,,,shape_3,shape_3,shape_1,shape_2,shape_2,2,2,234,,,,,,,,,,,,,,,,,,,,,,,,,,,,,,,,,,,,,,,,,,,,,,,,,,,,,,,,,,,,,,,,,,,,,,,,,,,,,,,,,,,,,,,,,,,,,,,,,,,,,,,,,,,,,,,,,,,,,,,,,,,,,,2773.6241,50,33,2775.1287,2775.1287,2775.6303,,0,2775.6304,2775.7308,2775.7309,2775.9817,space,0.2359,,0,52,52,233,1,,,,,,,,,,,,,,,,,,,,,,,
,,,,,,,,,,,,,,,618522,001,2024-12-07_13h04.07.781,test,2024.1.4,Win32,59.52380952,674841e51ddba29a9dee134e,67546f35f927709209cd55ea,67548d8adc0c853401c11a3b,,,,,,,,,,,,,,,,,,,,,,,,,,,,,,,,,,,,,,,,,,,,,,,,,,,,,,,,,,,,,,113,block_2,,,,,,,,,,,,,,,,,,,shape_3,shape_4,shape_3,shape_2,shape_3,1,1,113,,,,,,,,,,,,,,,,,,,,,,,,,,,,,,,,,,,,,,,,,,,,,,,,,,,,,,,,,,,,,,,,,,,,,,,,,,,,,,,,,,,,,,,,,,,,,,,,,,,,,,,,,,,,,,,,,,,,,,,,,,,,,,2775.9821,50,33,2777.4867,2777.4867,2777.6039,right,1,2777.6041,2777.7043,2777.7043,2777.9717,space,0.1706,,0,53,53,112,1,0.1096,,,,,,,,,,,,,,,,,,,,,,
,,,,,,,,,,,,,,,618522,001,2024-12-07_13h04.07.781,test,2024.1.4,Win32,59.52380952,674841e51ddba29a9dee134e,67546f35f927709209cd55ea,67548d8adc0c853401c11a3b,,,,,,,,,,,,,,,,,,,,,,,,,,,,,,,,,,,,,,,,,,,,,,,,,,,,,,,,,,,,,,67,block_2,,,,,,,,,,,,,,,,,,,shape_3,shape_3,shape_2,shape_2,shape_3,1,1,67,,,,,,,,,,,,,,,,,,,,,,,,,,,,,,,,,,,,,,,,,,,,,,,,,,,,,,,,,,,,,,,,,,,,,,,,,,,,,,,,,,,,,,,,,,,,,,,,,,,,,,,,,,,,,,,,,,,,,,,,,,,,,,2777.9723,51,34,2779.4769,2779.4769,2779.7949,right,1,2779.795,2779.8951,2779.8951,2779.9788,space,0.062,,0,54,54,66,1,0.2954,,,,,,,,,,,,,,,,,,,,,,
,,,,,,,,,,,,,,,618522,001,2024-12-07_13h04.07.781,test,2024.1.4,Win32,59.52380952,674841e51ddba29a9dee134e,67546f35f927709209cd55ea,67548d8adc0c853401c11a3b,,,,,,,,,,,,,,,,,,,,,,,,,,,,,,,,,,,,,,,,,,,,,,,,,,,,,,,,,,,,,,63,block_2,,,,,,,,,,,,,,,,,,,shape_4,shape_3,shape_2,shape_2,shape_2,1,1,63,,,,,,,,,,,,,,,,,,,,,,,,,,,,,,,,,,,,,,,,,,,,,,,,,,,,,,,,,,,,,,,,,,,,,,,,,,,,,,,,,,,,,,,,,,,,,,,,,,,,,,,,,,,,,,,,,,,,,,,,,,,,,,2779.9792,52,35,2781.4673,2781.4673,2781.8684,left,0,2781.8685,2781.9688,2781.9689,2782.1693,space,0.1101,,0,55,55,62,1,0.3776,,,,,,,,,,,,,,,,,,,,,,
,,,,,,,,,,,,,,,618522,001,2024-12-07_13h04.07.781,test,2024.1.4,Win32,59.52380952,674841e51ddba29a9dee134e,67546f35f927709209cd55ea,67548d8adc0c853401c11a3b,,,,,,,,,,,,,,,,,,,,,,,,,,,,,,,,,,,,,,,,,,,,,,,,,,,,,,,,,,,,,,127,block_2,,,,,,,,,,,,,,,,,,,shape_4,shape_2,shape_4,shape_4,shape_3,1,1,127,,,,,,,,,,,,,,,,,,,,,,,,,,,,,,,,,,,,,,,,,,,,,,,,,,,,,,,,,,,,,,,,,,,,,,,,,,,,,,,,,,,,,,,,,,,,,,,,,,,,,,,,,,,,,,,,,,,,,,,,,,,,,,2782.1696,53,34,2783.6579,2783.658,2783.9759,right,1,2783.9759,2784.076,2784.076,2784.3103,space,0.1436,,0,56,56,126,1,0.2951,,,,,,,,,,,,,,,,,,,,,,
,,,,,,,,,,,,,,,618522,001,2024-12-07_13h04.07.781,test,2024.1.4,Win32,59.52380952,674841e51ddba29a9dee134e,67546f35f927709209cd55ea,67548d8adc0c853401c11a3b,,,,,,,,,,,,,,,,,,,,,,,,,,,,,,,,,,,,,,,,,,,,,,,,,,,,,,,,,,,,,,236,block_2,,,,,,,,,,,,,,,,,,,shape_3,shape_3,shape_2,shape_2,shape_1,2,2,236,,,,,,,,,,,,,,,,,,,,,,,,,,,,,,,,,,,,,,,,,,,,,,,,,,,,,,,,,,,,,,,,,,,,,,,,,,,,,,,,,,,,,,,,,,,,,,,,,,,,,,,,,,,,,,,,,,,,,,,,,,,,,,2784.3108,54,35,2785.815,2785.8151,2786.0997,left,1,2786.0998,2786.2,2786.2,2786.3171,space,0.1008,,0,57,57,235,1,0.2634,,,,,,,,,,,,,,,,,,,,,,
,,,,,,,,,,,,,,,618522,001,2024-12-07_13h04.07.781,test,2024.1.4,Win32,59.52380952,674841e51ddba29a9dee134e,67546f35f927709209cd55ea,67548d8adc0c853401c11a3b,,,,,,,,,,,,,,,,,,,,,,,,,,,,,,,,,,,,,,,,,,,,,,,,,,,,,,,,,,,,,,162,block_2,,,,,,,,,,,,,,,,,,,shape_1,shape_1,shape_1,shape_2,shape_4,2,2,162,,,,,,,,,,,,,,,,,,,,,,,,,,,,,,,,,,,,,,,,,,,,,,,,,,,,,,,,,,,,,,,,,,,,,,,,,,,,,,,,,,,,,,,,,,,,,,,,,,,,,,,,,,,,,,,,,,,,,,,,,,,,,,2786.3175,55,36,2787.8222,2787.8223,2788.1569,left,1,2788.1569,2788.2567,2788.2567,2788.492,space,0.2259,,0,58,58,161,1,0.3096,,,,,,,,,,,,,,,,,,,,,,
,,,,,,,,,,,,,,,618522,001,2024-12-07_13h04.07.781,test,2024.1.4,Win32,59.52380952,674841e51ddba29a9dee134e,67546f35f927709209cd55ea,67548d8adc0c853401c11a3b,,,,,,,,,,,,,,,,,,,,,,,,,,,,,,,,,,,,,,,,,,,,,,,,,,,,,,,,,,,,,,80,block_2,,,,,,,,,,,,,,,,,,,shape_2,shape_4,shape_3,shape_2,shape_3,1,1,80,,,,,,,,,,,,,,,,,,,,,,,,,,,,,,,,,,,,,,,,,,,,,,,,,,,,,,,,,,,,,,,,,,,,,,,,,,,,,,,,,,,,,,,,,,,,,,,,,,,,,,,,,,,,,,,,,,,,,,,,,,,,,,2788.4924,56,37,2789.9959,2789.9959,2790.2135,right,1,2790.2136,2790.3138,2790.3138,2790.4643,space,0.1377,,0,59,59,79,1,0.1965,,,,,,,,,,,,,,,,,,,,,,
,,,,,,,,,,,,,,,618522,001,2024-12-07_13h04.07.781,test,2024.1.4,Win32,59.52380952,674841e51ddba29a9dee134e,67546f35f927709209cd55ea,67548d8adc0c853401c11a3b,,,,,,,,,,,,,,,,,,,,,,,,,,,,,,,,,,,,,,,,,,,,,,,,,,,,,,,,,,,,,,56,block_2,,,,,,,,,,,,,,,,,,,shape_2,shape_2,shape_2,shape_3,shape_3,1,2,56,,,,,,,,,,,,,,,,,,,,,,,,,,,,,,,,,,,,,,,,,,,,,,,,,,,,,,,,,,,,,,,,,,,,,,,,,,,,,,,,,,,,,,,,,,,,,,,,,,,,,,,,,,,,,,,,,,,,,,,,,,,,,,2790.4647,57,38,2791.953,2791.9531,2792.4048,left,0,2792.4049,2792.505,2792.505,2792.6723,space,0.0558,,0,60,60,55,1,0.4288,,,,,,,,,,,,,,,,,,,,,,
,,,,,,,,,,,,,,,618522,001,2024-12-07_13h04.07.781,test,2024.1.4,Win32,59.52380952,674841e51ddba29a9dee134e,67546f35f927709209cd55ea,67548d8adc0c853401c11a3b,,,,,,,,,,,,,,,,,,,,,,,,,,,,,,,,,,,,,,,,,,,,,,,,,,,,,,,,,,,,,,286,block_2,,,,,,,,,,,,,,,,,,,shape_4,shape_2,shape_2,shape_2,shape_3,2,1,286,,,,,,,,,,,,,,,,,,,,,,,,,,,,,,,,,,,,,,,,,,,,,,,,,,,,,,,,,,,,,,,,,,,,,,,,,,,,,,,,,,,,,,,,,,,,,,,,,,,,,,,,,,,,,,,,,,,,,,,,,,,,,,2792.6727,58,37,2794.1606,2794.1607,2794.5119,left,1,2794.512,2794.6122,2794.6122,2794.9636,space,0.2397,,0,61,61,285,1,0.325,,,,,,,,,,,,,,,,,,,,,,
,,,,,,,,,,,,,,,618522,001,2024-12-07_13h04.07.781,test,2024.1.4,Win32,59.52380952,674841e51ddba29a9dee134e,67546f35f927709209cd55ea,67548d8adc0c853401c11a3b,,,,,,,,,,,,,,,,,,,,,,,,,,,,,,,,,,,,,,,,,,,,,,,,,,,,,,,,,,,,,,244,block_2,,,,,,,,,,,,,,,,,,,shape_4,shape_1,shape_2,shape_2,shape_3,2,2,244,,,,,,,,,,,,,,,,,,,,,,,,,,,,,,,,,,,,,,,,,,,,,,,,,,,,,,,,,,,,,,,,,,,,,,,,,,,,,,,,,,,,,,,,,,,,,,,,,,,,,,,,,,,,,,,,,,,,,,,,,,,,,,2794.964,59,38,2796.4521,2796.4521,2796.8699,left,1,2796.87,2796.9703,2796.9703,2797.2549,space,0.2645,,0,62,62,243,1,0.3922,,,,,,,,,,,,,,,,,,,,,,
,,,,,,,,,,,,,,,618522,001,2024-12-07_13h04.07.781,test,2024.1.4,Win32,59.52380952,674841e51ddba29a9dee134e,67546f35f927709209cd55ea,67548d8adc0c853401c11a3b,,,,,,,,,,,,,,,,,,,,,,,,,,,,,,,,,,,,,,,,,,,,,,,,,,,,,,,,,,,,,,131,block_2,,,,,,,,,,,,,,,,,,,shape_4,shape_2,shape_4,shape_4,shape_4,1,1,131,,,,,,,,,,,,,,,,,,,,,,,,,,,,,,,,,,,,,,,,,,,,,,,,,,,,,,,,,,,,,,,,,,,,,,,,,,,,,,,,,,,,,,,,,,,,,,,,,,,,,,,,,,,,,,,,,,,,,,,,,,,,,,2797.2554,60,39,2798.7596,2798.7597,2799.0777,right,1,2799.0777,2799.1776,2799.1777,2799.4789,space,0.2825,,0,63,63,130,1,0.2924,,,,,,,,,,,,,,,,,,,,,,
,,,,,,,,,,,,,,,618522,001,2024-12-07_13h04.07.781,test,2024.1.4,Win32,59.52380952,674841e51ddba29a9dee134e,67546f35f927709209cd55ea,67548d8adc0c853401c11a3b,,,,,,,,,,,,,,,,,,,,,,,,,,,,,,,,,,,,,,,,,,,,,,,,,,,,,,,,,,,,,,71,block_2,,,,,,,,,,,,,,,,,,,shape_3,shape_2,shape_3,shape_2,shape_3,1,1,71,,,,,,,,,,,,,,,,,,,,,,,,,,,,,,,,,,,,,,,,,,,,,,,,,,,,,,,,,,,,,,,,,,,,,,,,,,,,,,,,,,,,,,,,,,,,,,,,,,,,,,,,,,,,,,,,,,,,,,,,,,,,,,2799.4795,61,40,2800.984,2800.984,2801.2683,right,1,2801.2685,2801.3687,2801.3687,2801.5526,space,0.1717,,0,64,64,70,1,0.2648,,,,,,,,,,,,,,,,,,,,,,
,,,,,,,,,,,,,,,618522,001,2024-12-07_13h04.07.781,test,2024.1.4,Win32,59.52380952,674841e51ddba29a9dee134e,67546f35f927709209cd55ea,67548d8adc0c853401c11a3b,,,,,,,,,,,,,,,,,,,,,,,,,,,,,,,,,,,,,,,,,,,,,,,,,,,,,,,,,,,,,,149,block_2,,,,,,,,,,,,,,,,,,,shape_4,shape_4,shape_4,shape_3,shape_3,1,1,149,,,,,,,,,,,,,,,,,,,,,,,,,,,,,,,,,,,,,,,,,,,,,,,,,,,,,,,,,,,,,,,,,,,,,,,,,,,,,,,,,,,,,,,,,,,,,,,,,,,,,,,,,,,,,,,,,,,,,,,,,,,,,,2801.5532,62,41,2803.0576,2803.0577,2803.3422,right,1,2803.3423,2803.4424,2803.4426,2803.71,space,0.2454,,0,65,65,148,1,0.2587,,,,,,,,,,,,,,,,,,,,,,
,,,,,,,,,,,,,,,618522,001,2024-12-07_13h04.07.781,test,2024.1.4,Win32,59.52380952,674841e51ddba29a9dee134e,67546f35f927709209cd55ea,67548d8adc0c853401c11a3b,,,,,,,,,,,,,,,,,,,,,,,,,,,,,,,,,,,,,,,,,,,,,,,,,,,,,,,,,,,,,,35,block_2,,,,,,,,,,,,,,,,,,,shape_4,shape_3,shape_4,shape_1,shape_2,1,1,35,,,,,,,,,,,,,,,,,,,,,,,,,,,,,,,,,,,,,,,,,,,,,,,,,,,,,,,,,,,,,,,,,,,,,,,,,,,,,,,,,,,,,,,,,,,,,,,,,,,,,,,,,,,,,,,,,,,,,,,,,,,,,,2803.7106,63,42,2805.2152,2805.2153,2805.3993,right,1,2805.3993,2805.4993,2805.4995,2836.004,space,30.4834,,0,66,66,34,1,0.159,,,,,,,,,,,,,,,,,,,,,,
,,,,,,,,,,,,,,,618522,001,2024-12-07_13h04.07.781,test,2024.1.4,Win32,59.52380952,674841e51ddba29a9dee134e,67546f35f927709209cd55ea,67548d8adc0c853401c11a3b,,,,,,,,,,,,,,,,,,,,,,,,,,,,,,,,,,,,,,,,,,,,,,,,,,,,,,,,,,,,,,93,block_2,,,,,,,,,,,,,,,,,,,shape_2,shape_3,shape_4,shape_4,shape_2,1,1,93,,,,,,,,,,,,,,,,,,,,,,,,,,,,,,,,,,,,,,,,,,,,,,,,,,,,,,,,,,,,,,,,,,,,,,,,,,,,,,,,,,,,,,,,,,,,,,,,,,,,,,,,,,,,,,,,,,,,,,,,,,,,,,2836.0043,64,43,2837.4924,2837.4925,2837.8274,right,1,2837.8274,2837.9275,2837.9276,2838.3289,space,0.3824,,0,67,67,92,1,0.3118,,,,,,,,,,,,,,,,,,,,,,
,,,,,,,,,,,,,,,618522,001,2024-12-07_13h04.07.781,test,2024.1.4,Win32,59.52380952,674841e51ddba29a9dee134e,67546f35f927709209cd55ea,67548d8adc0c853401c11a3b,,,,,,,,,,,,,,,,,,,,,,,,,,,,,,,,,,,,,,,,,,,,,,,,,,,,,,,,,,,,,,95,block_2,,,,,,,,,,,,,,,,,,,shape_4,shape_4,shape_2,shape_4,shape_2,1,1,95,,,,,,,,,,,,,,,,,,,,,,,,,,,,,,,,,,,,,,,,,,,,,,,,,,,,,,,,,,,,,,,,,,,,,,,,,,,,,,,,,,,,,,,,,,,,,,,,,,,,,,,,,,,,,,,,,,,,,,,,,,,,,,2838.3294,65,44,2839.8341,2839.8341,2840.118,right,1,2840.1181,2840.2188,2840.2188,2840.6369,space,0.3967,,0,68,68,94,1,0.268,,,,,,,,,,,,,,,,,,,,,,
,,,,,,,,,,,,,,,618522,001,2024-12-07_13h04.07.781,test,2024.1.4,Win32,59.52380952,674841e51ddba29a9dee134e,67546f35f927709209cd55ea,67548d8adc0c853401c11a3b,,,,,,,,,,,,,,,,,,,,,,,,,,,,,,,,,,,,,,,,,,,,,,,,,,,,,,,,,,,,,,202,block_2,,,,,,,,,,,,,,,,,,,shape_4,shape_1,shape_3,shape_2,shape_1,2,2,202,,,,,,,,,,,,,,,,,,,,,,,,,,,,,,,,,,,,,,,,,,,,,,,,,,,,,,,,,,,,,,,,,,,,,,,,,,,,,,,,,,,,,,,,,,,,,,,,,,,,,,,,,,,,,,,,,,,,,,,,,,,,,,2840.6374,66,45,2842.1418,2842.1419,2842.2259,left,1,2842.226,2842.3255,2842.3257,2842.6766,space,0.3387,,0,69,69,201,1,0.0644,,,,,,,,,,,,,,,,,,,,,,
,,,,,,,,,,,,,,,618522,001,2024-12-07_13h04.07.781,test,2024.1.4,Win32,59.52380952,674841e51ddba29a9dee134e,67546f35f927709209cd55ea,67548d8adc0c853401c11a3b,,,,,,,,,,,,,,,,,,,,,,,,,,,,,,,,,,,,,,,,,,,,,,,,,,,,,,,,,,,,,,191,block_2,,,,,,,,,,,,,,,,,,,shape_3,shape_2,shape_1,shape_1,shape_3,2,2,191,,,,,,,,,,,,,,,,,,,,,,,,,,,,,,,,,,,,,,,,,,,,,,,,,,,,,,,,,,,,,,,,,,,,,,,,,,,,,,,,,,,,,,,,,,,,,,,,,,,,,,,,,,,,,,,,,,,,,,,,,,,,,,2842.677,67,46,2844.1652,2844.1652,2844.4832,left,1,2844.4833,2844.5834,2844.5834,2844.8007,space,0.2068,,0,70,70,190,1,0.2971,,,,,,,,,,,,,,,,,,,,,,
,,,,,,,,,,,,,,,618522,001,2024-12-07_13h04.07.781,test,2024.1.4,Win32,59.52380952,674841e51ddba29a9dee134e,67546f35f927709209cd55ea,67548d8adc0c853401c11a3b,,,,,,,,,,,,,,,,,,,,,,,,,,,,,,,,,,,,,,,,,,,,,,,,,,,,,,,,,,,,,,179,block_2,,,,,,,,,,,,,,,,,,,shape_1,shape_3,shape_2,shape_1,shape_2,2,2,179,,,,,,,,,,,,,,,,,,,,,,,,,,,,,,,,,,,,,,,,,,,,,,,,,,,,,,,,,,,,,,,,,,,,,,,,,,,,,,,,,,,,,,,,,,,,,,,,,,,,,,,,,,,,,,,,,,,,,,,,,,,,,,2844.801,68,47,2846.2895,2846.2896,2846.5237,left,1,2846.5238,2846.624,2846.624,2846.8414,space,0.2028,,0,71,71,178,1,0.2137,,,,,,,,,,,,,,,,,,,,,,
,,,,,,,,,,,,,,,618522,001,2024-12-07_13h04.07.781,test,2024.1.4,Win32,59.52380952,674841e51ddba29a9dee134e,67546f35f927709209cd55ea,67548d8adc0c853401c11a3b,,,,,,,,,,,,,,,,,,,,,,,,,,,,,,,,,,,,,,,,,,,,,,,,,,,,,,,,,,,,,,282,block_2,,,,,,,,,,,,,,,,,,,shape_3,shape_2,shape_2,shape_3,shape_2,2,2,282,,,,,,,,,,,,,,,,,,,,,,,,,,,,,,,,,,,,,,,,,,,,,,,,,,,,,,,,,,,,,,,,,,,,,,,,,,,,,,,,,,,,,,,,,,,,,,,,,,,,,,,,,,,,,,,,,,,,,,,,,,,,,,2846.8419,69,48,2848.3466,2848.3467,2848.748,left,1,2848.7481,2848.8483,2848.8484,2849.0491,space,0.1805,,0,72,72,281,1,0.3767,,,,,,,,,,,,,,,,,,,,,,
,,,,,,,,,,,,,,,618522,001,2024-12-07_13h04.07.781,test,2024.1.4,Win32,59.52380952,674841e51ddba29a9dee134e,67546f35f927709209cd55ea,67548d8adc0c853401c11a3b,,,,,,,,,,,,,,,,,,,,,,,,,,,,,,,,,,,,,,,,,,,,,,,,,,,,,,,,,,,,,,276,block_2,,,,,,,,,,,,,,,,,,,shape_2,shape_2,shape_3,shape_3,shape_2,2,2,276,,,,,,,,,,,,,,,,,,,,,,,,,,,,,,,,,,,,,,,,,,,,,,,,,,,,,,,,,,,,,,,,,,,,,,,,,,,,,,,,,,,,,,,,,,,,,,,,,,,,,,,,,,,,,,,,,,,,,,,,,,,,,,2849.0495,70,49,2850.5374,2850.5374,2850.872,left,1,2850.872,2850.9723,2850.9724,2851.3402,space,0.3485,,0,73,73,275,1,0.3098,,,,,,,,,,,,,,,,,,,,,,
,,,,,,,,,,,,,,,618522,001,2024-12-07_13h04.07.781,test,2024.1.4,Win32,59.52380952,674841e51ddba29a9dee134e,67546f35f927709209cd55ea,67548d8adc0c853401c11a3b,,,,,,,,,,,,,,,,,,,,,,,,,,,,,,,,,,,,,,,,,,,,,,,,,,,,,,,,,,,,,,126,block_2,,,,,,,,,,,,,,,,,,,shape_3,shape_4,shape_2,shape_4,shape_4,1,1,126,,,,,,,,,,,,,,,,,,,,,,,,,,,,,,,,,,,,,,,,,,,,,,,,,,,,,,,,,,,,,,,,,,,,,,,,,,,,,,,,,,,,,,,,,,,,,,,,,,,,,,,,,,,,,,,,,,,,,,,,,,,,,,2851.3407,71,50,2852.8453,2852.8453,2852.8786,right,1,2852.8787,2852.9789,2852.9789,2861.2743,space,8.2779,,0,74,74,125,1,0.0107,,,,,,,,,,,,,,,,,,,,,,
,,,,,,,,,,,,,,,618522,001,2024-12-07_13h04.07.781,test,2024.1.4,Win32,59.52380952,674841e51ddba29a9dee134e,67546f35f927709209cd55ea,67548d8adc0c853401c11a3b,,,,,,,,,,,,,,,,,,,,,,,,,,,,,,,,,,,,,,,,,,,,,,,,,,,,,,,,,,,,,,296,block_2,,,,,,,,,,,,,,,,,,,shape_3,shape_4,shape_2,shape_2,shape_4,2,1,296,,,,,,,,,,,,,,,,,,,,,,,,,,,,,,,,,,,,,,,,,,,,,,,,,,,,,,,,,,,,,,,,,,,,,,,,,,,,,,,,,,,,,,,,,,,,,,,,,,,,,,,,,,,,,,,,,,,,,,,,,,,,,,2861.2749,72,51,2862.7792,2862.7793,2863.1139,right,0,2863.114,2863.2141,2863.2143,2864.0169,space,0.7077,,0,75,75,295,1,0.3134,,,,,,,,,,,,,,,,,,,,,,
,,,,,,,,,,,,,,,618522,001,2024-12-07_13h04.07.781,test,2024.1.4,Win32,59.52380952,674841e51ddba29a9dee134e,67546f35f927709209cd55ea,67548d8adc0c853401c11a3b,,,,,,,,,,,,,,,,,,,,,,,,,,,,,,,,,,,,,,,,,,,,,,,,,,,,,,,,,,,,,,100,block_2,,,,,,,,,,,,,,,,,,,shape_2,shape_3,shape_3,shape_3,shape_3,1,1,100,,,,,,,,,,,,,,,,,,,,,,,,,,,,,,,,,,,,,,,,,,,,,,,,,,,,,,,,,,,,,,,,,,,,,,,,,,,,,,,,,,,,,,,,,,,,,,,,,,,,,,,,,,,,,,,,,,,,,,,,,,,,,,2864.0174,73,50,2865.5054,2865.5055,2865.7737,right,1,2865.7737,2865.8734,2865.8734,2866.3083,space,0.3425,,0,76,76,99,1,0.2507,,,,,,,,,,,,,,,,,,,,,,
,,,,,,,,,,,,,,,618522,001,2024-12-07_13h04.07.781,test,2024.1.4,Win32,59.52380952,674841e51ddba29a9dee134e,67546f35f927709209cd55ea,67548d8adc0c853401c11a3b,,,,,,,,,,,,,,,,,,,,,,,,,,,,,,,,,,,,,,,,,,,,,,,,,,,,,,,,,,,,,,17,block_2,,,,,,,,,,,,,,,,,,,shape_2,shape_1,shape_3,shape_4,shape_2,1,2,17,,,,,,,,,,,,,,,,,,,,,,,,,,,,,,,,,,,,,,,,,,,,,,,,,,,,,,,,,,,,,,,,,,,,,,,,,,,,,,,,,,,,,,,,,,,,,,,,,,,,,,,,,,,,,,,,,,,,,,,,,,,,,,2866.3087,74,51,2867.8133,2867.8133,2868.1145,right,1,2868.1146,2868.2147,2868.2148,2868.5493,space,0.3157,,0,77,77,16,1,0.2843,,,,,,,,,,,,,,,,,,,,,,
,,,,,,,,,,,,,,,618522,001,2024-12-07_13h04.07.781,test,2024.1.4,Win32,59.52380952,674841e51ddba29a9dee134e,67546f35f927709209cd55ea,67548d8adc0c853401c11a3b,,,,,,,,,,,,,,,,,,,,,,,,,,,,,,,,,,,,,,,,,,,,,,,,,,,,,,,,,,,,,,153,block_2,,,,,,,,,,,,,,,,,,,shape_1,shape_2,shape_1,shape_2,shape_1,2,2,153,,,,,,,,,,,,,,,,,,,,,,,,,,,,,,,,,,,,,,,,,,,,,,,,,,,,,,,,,,,,,,,,,,,,,,,,,,,,,,,,,,,,,,,,,,,,,,,,,,,,,,,,,,,,,,,,,,,,,,,,,,,,,,2868.5498,75,52,2870.0542,2870.0542,2870.3389,left,1,2870.3389,2870.4391,2870.4391,2870.623,space,0.1654,,0,78,78,152,1,0.2628,,,,,,,,,,,,,,,,,,,,,,
,,,,,,,,,,,,,,,618522,001,2024-12-07_13h04.07.781,test,2024.1.4,Win32,59.52380952,674841e51ddba29a9dee134e,67546f35f927709209cd55ea,67548d8adc0c853401c11a3b,,,,,,,,,,,,,,,,,,,,,,,,,,,,,,,,,,,,,,,,,,,,,,,,,,,,,,,,,,,,,,69,block_2,,,,,,,,,,,,,,,,,,,shape_3,shape_3,shape_3,shape_2,shape_2,1,1,69,,,,,,,,,,,,,,,,,,,,,,,,,,,,,,,,,,,,,,,,,,,,,,,,,,,,,,,,,,,,,,,,,,,,,,,,,,,,,,,,,,,,,,,,,,,,,,,,,,,,,,,,,,,,,,,,,,,,,,,,,,,,,,2870.6236,76,53,2872.1278,2872.1278,2872.3457,right,1,2872.3457,2872.4459,2872.4459,2872.6802,space,0.2181,,0,79,79,68,1,0.1961,,,,,,,,,,,,,,,,,,,,,,
,,,,,,,,,,,,,,,618522,001,2024-12-07_13h04.07.781,test,2024.1.4,Win32,59.52380952,674841e51ddba29a9dee134e,67546f35f927709209cd55ea,67548d8adc0c853401c11a3b,,,,,,,,,,,,,,,,,,,,,,,,,,,,,,,,,,,,,,,,,,,,,,,,,,,,,,,,,,,,,,152,block_2,,,,,,,,,,,,,,,,,,,shape_1,shape_1,shape_3,shape_1,shape_1,2,2,152,,,,,,,,,,,,,,,,,,,,,,,,,,,,,,,,,,,,,,,,,,,,,,,,,,,,,,,,,,,,,,,,,,,,,,,,,,,,,,,,,,,,,,,,,,,,,,,,,,,,,,,,,,,,,,,,,,,,,,,,,,,,,,2872.6807,77,54,2874.1851,2874.1853,2874.3858,left,1,2874.3859,2874.4863,2874.4863,2874.7369,space,0.2321,,0,80,80,151,1,0.1771,,,,,,,,,,,,,,,,,,,,,,
,,,,,,,,,,,,,,,618522,001,2024-12-07_13h04.07.781,test,2024.1.4,Win32,59.52380952,674841e51ddba29a9dee134e,67546f35f927709209cd55ea,67548d8adc0c853401c11a3b,,,,,,,,,,,,,,,,,,,,,,,,,,,,,,,,,,,,,,,,,,,,,,,,,,,,,,,,,,,,,,258,block_2,,,,,,,,,,,,,,,,,,,shape_3,shape_4,shape_3,shape_1,shape_2,2,1,258,,,,,,,,,,,,,,,,,,,,,,,,,,,,,,,,,,,,,,,,,,,,,,,,,,,,,,,,,,,,,,,,,,,,,,,,,,,,,,,,,,,,,,,,,,,,,,,,,,,,,,,,,,,,,,,,,,,,,,,,,,,,,,2874.7372,78,55,2876.2252,2876.2253,2876.5267,left,1,2876.5267,2876.6267,2876.6268,2876.811,space,0.1638,,0,81,81,257,1,0.282,,,,,,,,,,,,,,,,,,,,,,
,,,,,,,,,,,,,,,618522,001,2024-12-07_13h04.07.781,test,2024.1.4,Win32,59.52380952,674841e51ddba29a9dee134e,67546f35f927709209cd55ea,67548d8adc0c853401c11a3b,,,,,,,,,,,,,,,,,,,,,,,,,,,,,,,,,,,,,,,,,,,,,,,,,,,,,,,,,,,,,,247,block_2,,,,,,,,,,,,,,,,,,,shape_4,shape_1,shape_2,shape_3,shape_2,2,2,247,,,,,,,,,,,,,,,,,,,,,,,,,,,,,,,,,,,,,,,,,,,,,,,,,,,,,,,,,,,,,,,,,,,,,,,,,,,,,,,,,,,,,,,,,,,,,,,,,,,,,,,,,,,,,,,,,,,,,,,,,,,,,,2876.8115,79,56,2878.3161,2878.3161,2878.6339,left,1,2878.6339,2878.7341,2878.7342,2878.9517,space,0.1957,,0,82,82,246,1,0.2929,,,,,,,,,,,,,,,,,,,,,,
,,,,,,,,,,,,,,,618522,001,2024-12-07_13h04.07.781,test,2024.1.4,Win32,59.52380952,674841e51ddba29a9dee134e,67546f35f927709209cd55ea,67548d8adc0c853401c11a3b,,,,,,,,,,,,,,,,,,,,,,,,,,,,,,,,,,,,,,,,,,,,,,,,,,,,,,,,,,,,,,294,block_2,,,,,,,,,,,,,,,,,,,shape_2,shape_2,shape_4,shape_3,shape_3,2,1,294,,,,,,,,,,,,,,,,,,,,,,,,,,,,,,,,,,,,,,,,,,,,,,,,,,,,,,,,,,,,,,,,,,,,,,,,,,,,,,,,,,,,,,,,,,,,,,,,,,,,,,,,,,,,,,,,,,,,,,,,,,,,,,2878.9522,80,57,2880.4567,2880.4567,2880.7243,right,0,2880.7244,2880.8244,2880.8245,2881.0757,space,0.1588,,0,83,83,293,1,0.2482,,,,,,,,,,,,,,,,,,,,,,
,,,,,,,,,,,,,,,618522,001,2024-12-07_13h04.07.781,test,2024.1.4,Win32,59.52380952,674841e51ddba29a9dee134e,67546f35f927709209cd55ea,67548d8adc0c853401c11a3b,,,,,,,,,,,,,,,,,,,,,,,,,,,,,,,,,,,,,,,,,,,,,,,,,,,,,,,,,,,,,,176,block_2,,,,,,,,,,,,,,,,,,,shape_1,shape_3,shape_2,shape_1,shape_2,2,2,176,,,,,,,,,,,,,,,,,,,,,,,,,,,,,,,,,,,,,,,,,,,,,,,,,,,,,,,,,,,,,,,,,,,,,,,,,,,,,,,,,,,,,,,,,,,,,,,,,,,,,,,,,,,,,,,,,,,,,,,,,,,,,,2881.0761,81,56,2882.5807,2882.5808,2882.9154,left,1,2882.9154,2883.0155,2883.0156,2883.2161,space,0.109,,0,84,84,175,1,0.31,,,,,,,,,,,,,,,,,,,,,,
,,,,,,,,,,,,,,,618522,001,2024-12-07_13h04.07.781,test,2024.1.4,Win32,59.52380952,674841e51ddba29a9dee134e,67546f35f927709209cd55ea,67548d8adc0c853401c11a3b,,,,,,,,,,,,,,,,,,,,,,,,,,,,,,,,,,,,,,,,,,,,,,,,,,,,,,,,,,,,,,6,block_2,,,,,,,,,,,,,,,,,,,shape_3,shape_1,shape_3,shape_3,shape_1,1,2,6,,,,,,,,,,,,,,,,,,,,,,,,,,,,,,,,,,,,,,,,,,,,,,,,,,,,,,,,,,,,,,,,,,,,,,,,,,,,,,,,,,,,,,,,,,,,,,,,,,,,,,,,,,,,,,,,,,,,,,,,,,,,,,2883.2166,82,57,2884.7214,2884.7214,2885.106,left,0,2885.106,2885.2062,2885.2063,2885.3735,space,0.0794,,0,85,85,5,1,0.3621,,,,,,,,,,,,,,,,,,,,,,
,,,,,,,,,,,,,,,618522,001,2024-12-07_13h04.07.781,test,2024.1.4,Win32,59.52380952,674841e51ddba29a9dee134e,67546f35f927709209cd55ea,67548d8adc0c853401c11a3b,,,,,,,,,,,,,,,,,,,,,,,,,,,,,,,,,,,,,,,,,,,,,,,,,,,,,,,,,,,,,,9,block_2,,,,,,,,,,,,,,,,,,,shape_2,shape_2,shape_3,shape_2,shape_1,1,2,9,,,,,,,,,,,,,,,,,,,,,,,,,,,,,,,,,,,,,,,,,,,,,,,,,,,,,,,,,,,,,,,,,,,,,,,,,,,,,,,,,,,,,,,,,,,,,,,,,,,,,,,,,,,,,,,,,,,,,,,,,,,,,,2885.3742,83,56,2886.8785,2886.8786,2887.1797,left,0,2887.1798,2887.2799,2887.28,2887.4642,space,0.1686,,0,86,86,8,1,0.2819,,,,,,,,,,,,,,,,,,,,,,
,,,,,,,,,,,,,,,618522,001,2024-12-07_13h04.07.781,test,2024.1.4,Win32,59.52380952,674841e51ddba29a9dee134e,67546f35f927709209cd55ea,67548d8adc0c853401c11a3b,,,,,,,,,,,,,,,,,,,,,,,,,,,,,,,,,,,,,,,,,,,,,,,,,,,,,,,,,,,,,,222,block_2,,,,,,,,,,,,,,,,,,,shape_1,shape_3,shape_2,shape_2,shape_2,2,2,222,,,,,,,,,,,,,,,,,,,,,,,,,,,,,,,,,,,,,,,,,,,,,,,,,,,,,,,,,,,,,,,,,,,,,,,,,,,,,,,,,,,,,,,,,,,,,,,,,,,,,,,,,,,,,,,,,,,,,,,,,,,,,,2887.4646,84,55,2888.9698,2888.9699,2889.3042,left,1,2889.3043,2889.4041,2889.4041,2889.7052,space,0.2094,,0,87,87,221,1,0.3062,,,,,,,,,,,,,,,,,,,,,,
,,,,,,,,,,,,,,,618522,001,2024-12-07_13h04.07.781,test,2024.1.4,Win32,59.52380952,674841e51ddba29a9dee134e,67546f35f927709209cd55ea,67548d8adc0c853401c11a3b,,,,,,,,,,,,,,,,,,,,,,,,,,,,,,,,,,,,,,,,,,,,,,,,,,,,,,,,,,,,,,55,block_2,,,,,,,,,,,,,,,,,,,shape_3,shape_3,shape_2,shape_2,shape_2,1,2,55,,,,,,,,,,,,,,,,,,,,,,,,,,,,,,,,,,,,,,,,,,,,,,,,,,,,,,,,,,,,,,,,,,,,,,,,,,,,,,,,,,,,,,,,,,,,,,,,,,,,,,,,,,,,,,,,,,,,,,,,,,,,,,2889.7057,85,56,2891.1936,2891.1937,2891.4782,left,0,2891.4782,2891.5783,2891.5783,2891.812,space,0.1426,,0,88,88,54,1,0.261,,,,,,,,,,,,,,,,,,,,,,
,,,,,,,,,,,,,,,618522,001,2024-12-07_13h04.07.781,test,2024.1.4,Win32,59.52380952,674841e51ddba29a9dee134e,67546f35f927709209cd55ea,67548d8adc0c853401c11a3b,,,,,,,,,,,,,,,,,,,,,,,,,,,,,,,,,,,,,,,,,,,,,,,,,,,,,,,,,,,,,,110,block_2,,,,,,,,,,,,,,,,,,,shape_3,shape_4,shape_3,shape_3,shape_2,1,1,110,,,,,,,,,,,,,,,,,,,,,,,,,,,,,,,,,,,,,,,,,,,,,,,,,,,,,,,,,,,,,,,,,,,,,,,,,,,,,,,,,,,,,,,,,,,,,,,,,,,,,,,,,,,,,,,,,,,,,,,,,,,,,,2891.8125,86,55,2893.3008,2893.3009,2893.6187,right,1,2893.6188,2893.7189,2893.7189,2893.9192,space,0.1108,,0,89,89,109,1,0.293,,,,,,,,,,,,,,,,,,,,,,
,,,,,,,,,,,,,,,618522,001,2024-12-07_13h04.07.781,test,2024.1.4,Win32,59.52380952,674841e51ddba29a9dee134e,67546f35f927709209cd55ea,67548d8adc0c853401c11a3b,,,,,,,,,,,,,,,,,,,,,,,,,,,,,,,,,,,,,,,,,,,,,,,,,,,,,,,,,,,,,,138,block_2,,,,,,,,,,,,,,,,,,,shape_3,shape_3,shape_3,shape_3,shape_4,1,1,138,,,,,,,,,,,,,,,,,,,,,,,,,,,,,,,,,,,,,,,,,,,,,,,,,,,,,,,,,,,,,,,,,,,,,,,,,,,,,,,,,,,,,,,,,,,,,,,,,,,,,,,,,,,,,,,,,,,,,,,,,,,,,,2893.9198,87,56,2895.4078,2895.4079,2895.6756,right,1,2895.6757,2895.7758,2895.7758,2896.0437,space,0.25,,0,90,90,137,1,0.2477,,,,,,,,,,,,,,,,,,,,,,
,,,,,,,,,,,,,,,618522,001,2024-12-07_13h04.07.781,test,2024.1.4,Win32,59.52380952,674841e51ddba29a9dee134e,67546f35f927709209cd55ea,67548d8adc0c853401c11a3b,,,,,,,,,,,,,,,,,,,,,,,,,,,,,,,,,,,,,,,,,,,,,,,,,,,,,,,,,,,,,,81,block_2,,,,,,,,,,,,,,,,,,,shape_3,shape_2,shape_2,shape_3,shape_4,1,1,81,,,,,,,,,,,,,,,,,,,,,,,,,,,,,,,,,,,,,,,,,,,,,,,,,,,,,,,,,,,,,,,,,,,,,,,,,,,,,,,,,,,,,,,,,,,,,,,,,,,,,,,,,,,,,,,,,,,,,,,,,,,,,,2896.0443,88,57,2897.5485,2897.5486,2897.7159,right,1,2897.716,2897.8162,2897.8163,2898.0673,space,0.2318,,0,91,91,80,1,0.1446,,,,,,,,,,,,,,,,,,,,,,
,,,,,,,,,,,,,,,618522,001,2024-12-07_13h04.07.781,test,2024.1.4,Win32,59.52380952,674841e51ddba29a9dee134e,67546f35f927709209cd55ea,67548d8adc0c853401c11a3b,,,,,,,,,,,,,,,,,,,,,,,,,,,,,,,,,,,,,,,,,,,,,,,,,,,,,,,,,,,,,,203,block_2,,,,,,,,,,,,,,,,,,,shape_2,shape_4,shape_4,shape_1,shape_1,2,2,203,,,,,,,,,,,,,,,,,,,,,,,,,,,,,,,,,,,,,,,,,,,,,,,,,,,,,,,,,,,,,,,,,,,,,,,,,,,,,,,,,,,,,,,,,,,,,,,,,,,,,,,,,,,,,,,,,,,,,,,,,,,,,,2898.0678,89,58,2899.5724,2899.5724,2899.9737,right,0,2899.9738,2900.074,2900.0741,2900.3083,space,0.1386,,0,92,92,202,1,0.3761,,,,,,,,,,,,,,,,,,,,,,
,,,,,,,,,,,,,,,618522,001,2024-12-07_13h04.07.781,test,2024.1.4,Win32,59.52380952,674841e51ddba29a9dee134e,67546f35f927709209cd55ea,67548d8adc0c853401c11a3b,,,,,,,,,,,,,,,,,,,,,,,,,,,,,,,,,,,,,,,,,,,,,,,,,,,,,,,,,,,,,,147,block_2,,,,,,,,,,,,,,,,,,,shape_4,shape_4,shape_3,shape_4,shape_3,1,1,147,,,,,,,,,,,,,,,,,,,,,,,,,,,,,,,,,,,,,,,,,,,,,,,,,,,,,,,,,,,,,,,,,,,,,,,,,,,,,,,,,,,,,,,,,,,,,,,,,,,,,,,,,,,,,,,,,,,,,,,,,,,,,,2900.3089,90,57,2901.813,2901.813,2902.1312,right,1,2902.1312,2902.2315,2902.2315,2902.4824,space,0.1537,,0,93,93,146,1,0.2983,,,,,,,,,,,,,,,,,,,,,,
,,,,,,,,,,,,,,,618522,001,2024-12-07_13h04.07.781,test,2024.1.4,Win32,59.52380952,674841e51ddba29a9dee134e,67546f35f927709209cd55ea,67548d8adc0c853401c11a3b,,,,,,,,,,,,,,,,,,,,,,,,,,,,,,,,,,,,,,,,,,,,,,,,,,,,,,,,,,,,,,145,block_2,,,,,,,,,,,,,,,,,,,shape_3,shape_4,shape_3,shape_3,shape_4,1,1,145,,,,,,,,,,,,,,,,,,,,,,,,,,,,,,,,,,,,,,,,,,,,,,,,,,,,,,,,,,,,,,,,,,,,,,,,,,,,,,,,,,,,,,,,,,,,,,,,,,,,,,,,,,,,,,,,,,,,,,,,,,,,,,2902.483,91,58,2903.9873,2903.9874,2904.2884,right,1,2904.2884,2904.3888,2904.3888,2904.6071,space,0.2063,,0,94,94,144,1,0.2863,,,,,,,,,,,,,,,,,,,,,,
,,,,,,,,,,,,,,,618522,001,2024-12-07_13h04.07.781,test,2024.1.4,Win32,59.52380952,674841e51ddba29a9dee134e,67546f35f927709209cd55ea,67548d8adc0c853401c11a3b,,,,,,,,,,,,,,,,,,,,,,,,,,,,,,,,,,,,,,,,,,,,,,,,,,,,,,,,,,,,,,148,block_2,,,,,,,,,,,,,,,,,,,shape_4,shape_3,shape_4,shape_3,shape_4,1,1,148,,,,,,,,,,,,,,,,,,,,,,,,,,,,,,,,,,,,,,,,,,,,,,,,,,,,,,,,,,,,,,,,,,,,,,,,,,,,,,,,,,,,,,,,,,,,,,,,,,,,,,,,,,,,,,,,,,,,,,,,,,,,,,2904.6077,92,59,2906.1113,2906.1114,2906.4125,right,1,2906.4127,2906.5128,2906.5128,2906.8315,space,0.3052,,0,95,95,147,1,0.2771,,,,,,,,,,,,,,,,,,,,,,
,,,,,,,,,,,,,,,618522,001,2024-12-07_13h04.07.781,test,2024.1.4,Win32,59.52380952,674841e51ddba29a9dee134e,67546f35f927709209cd55ea,67548d8adc0c853401c11a3b,,,,,,,,,,,,,,,,,,,,,,,,,,,,,,,,,,,,,,,,,,,,,,,,,,,,,,,,,,,,,,268,block_2,,,,,,,,,,,,,,,,,,,shape_2,shape_2,shape_2,shape_2,shape_2,2,2,268,,,,,,,,,,,,,,,,,,,,,,,,,,,,,,,,,,,,,,,,,,,,,,,,,,,,,,,,,,,,,,,,,,,,,,,,,,,,,,,,,,,,,,,,,,,,,,,,,,,,,,,,,,,,,,,,,,,,,,,,,,,,,,2906.832,93,60,2908.3355,2908.3355,2908.4525,left,1,2908.4526,2908.5527,2908.5528,2908.871,space,0.3003,,0,96,96,267,1,0.0925,,,,,,,,,,,,,,,,,,,,,,
,,,,,,,,,,,,,,,618522,001,2024-12-07_13h04.07.781,test,2024.1.4,Win32,59.52380952,674841e51ddba29a9dee134e,67546f35f927709209cd55ea,67548d8adc0c853401c11a3b,,,,,,,,,,,,,,,,,,,,,,,,,,,,,,,,,,,,,,,,,,,,,,,,,,,,,,,,,,,,,,117,block_2,,,,,,,,,,,,,,,,,,,shape_3,shape_3,shape_4,shape_2,shape_4,1,1,117,,,,,,,,,,,,,,,,,,,,,,,,,,,,,,,,,,,,,,,,,,,,,,,,,,,,,,,,,,,,,,,,,,,,,,,,,,,,,,,,,,,,,,,,,,,,,,,,,,,,,,,,,,,,,,,,,,,,,,,,,,,,,,2908.8715,94,61,2910.3761,2910.3761,2910.6938,right,1,2910.6938,2910.7941,2910.7942,2911.045,space,0.2361,,0,97,97,116,1,0.2994,,,,,,,,,,,,,,,,,,,,,,
,,,,,,,,,,,,,,,618522,001,2024-12-07_13h04.07.781,test,2024.1.4,Win32,59.52380952,674841e51ddba29a9dee134e,67546f35f927709209cd55ea,67548d8adc0c853401c11a3b,,,,,,,,,,,,,,,,,,,,,,,,,,,,,,,,,,,,,,,,,,,,,,,,,,,,,,,,,,,,,,170,block_2,,,,,,,,,,,,,,,,,,,shape_2,shape_2,shape_1,shape_2,shape_1,2,2,170,,,,,,,,,,,,,,,,,,,,,,,,,,,,,,,,,,,,,,,,,,,,,,,,,,,,,,,,,,,,,,,,,,,,,,,,,,,,,,,,,,,,,,,,,,,,,,,,,,,,,,,,,,,,,,,,,,,,,,,,,,,,,,2911.0455,95,62,2912.5499,2912.5501,2912.8847,left,1,2912.8848,2912.9852,2912.9852,2913.2191,space,0.218,,0,98,98,169,1,0.3109,,,,,,,,,,,,,,,,,,,,,,
,,,,,,,,,,,,,,,618522,001,2024-12-07_13h04.07.781,test,2024.1.4,Win32,59.52380952,674841e51ddba29a9dee134e,67546f35f927709209cd55ea,67548d8adc0c853401c11a3b,,,,,,,,,,,,,,,,,,,,,,,,,,,,,,,,,,,,,,,,,,,,,,,,,,,,,,,,,,,,,,10,block_2,,,,,,,,,,,,,,,,,,,shape_2,shape_3,shape_2,shape_2,shape_1,1,2,10,,,,,,,,,,,,,,,,,,,,,,,,,,,,,,,,,,,,,,,,,,,,,,,,,,,,,,,,,,,,,,,,,,,,,,,,,,,,,,,,,,,,,,,,,,,,,,,,,,,,,,,,,,,,,,,,,,,,,,,,,,,,,,2913.2196,96,63,2914.7242,2914.7242,2915.0419,left,0,2915.042,2915.1426,2915.1427,2915.3605,space,0.1325,,0,99,99,9,1,0.2935,,,,,,,,,,,,,,,,,,,,,,
,,,,,,,,,,,,,,,618522,001,2024-12-07_13h04.07.781,test,2024.1.4,Win32,59.52380952,674841e51ddba29a9dee134e,67546f35f927709209cd55ea,67548d8adc0c853401c11a3b,,,,,,,,,,,,,,,,,,,,,,,,,,,,,,,,,,,,,,,,,,,,,,,,,,,,,,,,,,,,,,225,block_2,,,,,,,,,,,,,,,,,,,shape_2,shape_1,shape_2,shape_2,shape_3,2,2,225,,,,,,,,,,,,,,,,,,,,,,,,,,,,,,,,,,,,,,,,,,,,,,,,,,,,,,,,,,,,,,,,,,,,,,,,,,,,,,,,,,,,,,,,,,,,,,,,,,,,,,,,,,,,,,,,,,,,,,,,,,,,,,2915.3612,97,62,2916.8649,2916.8649,2917.1833,left,1,2917.1833,2917.2831,2917.2832,2917.517,space,0.1293,,0,100,100,224,1,0.301,,,,,,,,,,,,,,,,,,,,,,
,,,,,,,,,,,,,,,618522,001,2024-12-07_13h04.07.781,test,2024.1.4,Win32,59.52380952,674841e51ddba29a9dee134e,67546f35f927709209cd55ea,67548d8adc0c853401c11a3b,,,,,,,,,,,,,,,,,,,,,,,,,,,,,,,,,,,,,,,,,,,,,,,,,,,,,,,,,,,,,,16,block_2,,,,,,,,,,,,,,,,,,,shape_2,shape_1,shape_3,shape_4,shape_2,1,2,16,,,,,,,,,,,,,,,,,,,,,,,,,,,,,,,,,,,,,,,,,,,,,,,,,,,,,,,,,,,,,,,,,,,,,,,,,,,,,,,,,,,,,,,,,,,,,,,,,,,,,,,,,,,,,,,,,,,,,,,,,,,,,,2917.5174,98,63,2919.0057,2919.0058,2919.3569,left,0,2919.357,2919.4573,2919.4574,2919.691,space,0.1413,,0,101,101,15,1,0.325,,,,,,,,,,,,,,,,,,,,,,
,,,,,,,,,,,,,,,618522,001,2024-12-07_13h04.07.781,test,2024.1.4,Win32,59.52380952,674841e51ddba29a9dee134e,67546f35f927709209cd55ea,67548d8adc0c853401c11a3b,,,,,,,,,,,,,,,,,,,,,,,,,,,,,,,,,,,,,,,,,,,,,,,,,,,,,,,,,,,,,,246,block_2,,,,,,,,,,,,,,,,,,,shape_2,shape_1,shape_2,shape_3,shape_4,2,2,246,,,,,,,,,,,,,,,,,,,,,,,,,,,,,,,,,,,,,,,,,,,,,,,,,,,,,,,,,,,,,,,,,,,,,,,,,,,,,,,,,,,,,,,,,,,,,,,,,,,,,,,,,,,,,,,,,,,,,,,,,,,,,,2919.6913,99,62,2921.1798,2921.1798,2921.3638,right,0,2921.3638,2921.4639,2921.464,2921.6816,space,0.1952,,0,102,102,245,1,0.1654,,,,,,,,,,,,,,,,,,,,,,
,,,,,,,,,,,,,,,618522,001,2024-12-07_13h04.07.781,test,2024.1.4,Win32,59.52380952,674841e51ddba29a9dee134e,67546f35f927709209cd55ea,67548d8adc0c853401c11a3b,,,,,,,,,,,,,,,,,,,,,,,,,,,,,,,,,,,,,,,,,,,,,,,,,,,,,,,,,,,,,,192,block_2,,,,,,,,,,,,,,,,,,,shape_1,shape_3,shape_2,shape_1,shape_3,2,2,192,,,,,,,,,,,,,,,,,,,,,,,,,,,,,,,,,,,,,,,,,,,,,,,,,,,,,,,,,,,,,,,,,,,,,,,,,,,,,,,,,,,,,,,,,,,,,,,,,,,,,,,,,,,,,,,,,,,,,,,,,,,,,,2921.6821,100,61,2923.1865,2923.1866,2923.5213,left,1,2923.5213,2923.6216,2923.6216,2923.7888,space,0.0662,,0,103,103,191,1,0.3118,,,,,,,,,,,,,,,,,,,,,,
,,,,,,,,,,,,,,,618522,001,2024-12-07_13h04.07.781,test,2024.1.4,Win32,59.52380952,674841e51ddba29a9dee134e,67546f35f927709209cd55ea,67548d8adc0c853401c11a3b,,,,,,,,,,,,,,,,,,,,,,,,,,,,,,,,,,,,,,,,,,,,,,,,,,,,,,,,,,,,,,133,block_2,,,,,,,,,,,,,,,,,,,shape_3,shape_3,shape_3,shape_3,shape_3,1,1,133,,,,,,,,,,,,,,,,,,,,,,,,,,,,,,,,,,,,,,,,,,,,,,,,,,,,,,,,,,,,,,,,,,,,,,,,,,,,,,,,,,,,,,,,,,,,,,,,,,,,,,,,,,,,,,,,,,,,,,,,,,,,,,2923.7893,101,62,2925.2938,2925.2939,2925.4446,right,1,2925.4446,2925.5444,2925.5444,2925.7287,space,0.1679,,0,104,104,132,1,0.1333,,,,,,,,,,,,,,,,,,,,,,
,,,,,,,,,,,,,,,618522,001,2024-12-07_13h04.07.781,test,2024.1.4,Win32,59.52380952,674841e51ddba29a9dee134e,67546f35f927709209cd55ea,67548d8adc0c853401c11a3b,,,,,,,,,,,,,,,,,,,,,,,,,,,,,,,,,,,,,,,,,,,,,,,,,,,,,,,,,,,,,,183,block_2,,,,,,,,,,,,,,,,,,,shape_1,shape_1,shape_3,shape_2,shape_2,2,2,183,,,,,,,,,,,,,,,,,,,,,,,,,,,,,,,,,,,,,,,,,,,,,,,,,,,,,,,,,,,,,,,,,,,,,,,,,,,,,,,,,,,,,,,,,,,,,,,,,,,,,,,,,,,,,,,,,,,,,,,,,,,,,,2925.7292,102,63,2927.2338,2927.2338,2927.5182,left,1,2927.5183,2927.6184,2927.6185,2927.7866,space,0.1559,,0,105,105,182,1,0.2636,,,,,,,,,,,,,,,,,,,,,,
,,,,,,,,,,,,,,,618522,001,2024-12-07_13h04.07.781,test,2024.1.4,Win32,59.52380952,674841e51ddba29a9dee134e,67546f35f927709209cd55ea,67548d8adc0c853401c11a3b,,,,,,,,,,,,,,,,,,,,,,,,,,,,,,,,,,,,,,,,,,,,,,,,,,,,,,,,,,,,,,141,block_2,,,,,,,,,,,,,,,,,,,shape_3,shape_4,shape_3,shape_4,shape_3,1,1,141,,,,,,,,,,,,,,,,,,,,,,,,,,,,,,,,,,,,,,,,,,,,,,,,,,,,,,,,,,,,,,,,,,,,,,,,,,,,,,,,,,,,,,,,,,,,,,,,,,,,,,,,,,,,,,,,,,,,,,,,,,,,,,2927.787,103,64,2929.2906,2929.2906,2929.4247,right,1,2929.4247,2929.5249,2929.525,2929.7926,space,0.2463,,0,106,106,140,1,0.1197,,,,,,,,,,,,,,,,,,,,,,
,,,,,,,,,,,,,,,618522,001,2024-12-07_13h04.07.781,test,2024.1.4,Win32,59.52380952,674841e51ddba29a9dee134e,67546f35f927709209cd55ea,67548d8adc0c853401c11a3b,,,,,,,,,,,,,,,,,,,,,,,,,,,,,,,,,,,,,,,,,,,,,,,,,,,,,,,,,,,,,,151,block_2,,,,,,,,,,,,,,,,,,,shape_1,shape_1,shape_1,shape_1,shape_2,2,2,151,,,,,,,,,,,,,,,,,,,,,,,,,,,,,,,,,,,,,,,,,,,,,,,,,,,,,,,,,,,,,,,,,,,,,,,,,,,,,,,,,,,,,,,,,,,,,,,,,,,,,,,,,,,,,,,,,,,,,,,,,,,,,,2929.7933,104,65,2931.2978,2931.2978,2931.6323,left,1,2931.6323,2931.7325,2931.7326,2932.0839,space,0.3311,,0,107,107,150,1,0.3116,,,,,,,,,,,,,,,,,,,,,,
,,,,,,,,,,,,,,,618522,001,2024-12-07_13h04.07.781,test,2024.1.4,Win32,59.52380952,674841e51ddba29a9dee134e,67546f35f927709209cd55ea,67548d8adc0c853401c11a3b,,,,,,,,,,,,,,,,,,,,,,,,,,,,,,,,,,,,,,,,,,,,,,,,,,,,,,,,,,,,,,112,block_2,,,,,,,,,,,,,,,,,,,shape_3,shape_3,shape_4,shape_2,shape_3,1,1,112,,,,,,,,,,,,,,,,,,,,,,,,,,,,,,,,,,,,,,,,,,,,,,,,,,,,,,,,,,,,,,,,,,,,,,,,,,,,,,,,,,,,,,,,,,,,,,,,,,,,,,,,,,,,,,,,,,,,,,,,,,,,,,2932.0844,105,66,2933.5889,2933.5889,2933.6895,right,1,2933.6895,2933.7898,2933.7899,2934.2413,space,0.4299,,0,108,108,111,1,0.076,,,,,,,,,,,,,,,,,,,,,,
,,,,,,,,,,,,,,,618522,001,2024-12-07_13h04.07.781,test,2024.1.4,Win32,59.52380952,674841e51ddba29a9dee134e,67546f35f927709209cd55ea,67548d8adc0c853401c11a3b,,,,,,,,,,,,,,,,,,,,,,,,,,,,,,,,,,,,,,,,,,,,,,,,,,,,,,,,,,,,,,245,block_2,,,,,,,,,,,,,,,,,,,shape_2,shape_4,shape_1,shape_3,shape_2,2,2,245,,,,,,,,,,,,,,,,,,,,,,,,,,,,,,,,,,,,,,,,,,,,,,,,,,,,,,,,,,,,,,,,,,,,,,,,,,,,,,,,,,,,,,,,,,,,,,,,,,,,,,,,,,,,,,,,,,,,,,,,,,,,,,2934.2419,106,67,2935.7462,2935.7463,2936.0304,right,0,2936.0304,2936.1307,2936.1308,2936.3987,space,0.1839,,0,109,109,244,1,0.2589,,,,,,,,,,,,,,,,,,,,,,
,,,,,,,,,,,,,,,618522,001,2024-12-07_13h04.07.781,test,2024.1.4,Win32,59.52380952,674841e51ddba29a9dee134e,67546f35f927709209cd55ea,67548d8adc0c853401c11a3b,,,,,,,,,,,,,,,,,,,,,,,,,,,,,,,,,,,,,,,,,,,,,,,,,,,,,,,,,,,,,,161,block_2,,,,,,,,,,,,,,,,,,,shape_1,shape_1,shape_1,shape_3,shape_2,2,2,161,,,,,,,,,,,,,,,,,,,,,,,,,,,,,,,,,,,,,,,,,,,,,,,,,,,,,,,,,,,,,,,,,,,,,,,,,,,,,,,,,,,,,,,,,,,,,,,,,,,,,,,,,,,,,,,,,,,,,,,,,,,,,,2936.3993,107,66,2937.9037,2937.9039,2938.1381,left,1,2938.1382,2938.2383,2938.2384,2938.5558,space,0.2274,,0,110,110,160,1,0.206,,,,,,,,,,,,,,,,,,,,,,
,,,,,,,,,,,,,,,618522,001,2024-12-07_13h04.07.781,test,2024.1.4,Win32,59.52380952,674841e51ddba29a9dee134e,67546f35f927709209cd55ea,67548d8adc0c853401c11a3b,,,,,,,,,,,,,,,,,,,,,,,,,,,,,,,,,,,,,,,,,,,,,,,,,,,,,,,,,,,,,,103,block_2,,,,,,,,,,,,,,,,,,,shape_3,shape_2,shape_4,shape_3,shape_3,1,1,103,,,,,,,,,,,,,,,,,,,,,,,,,,,,,,,,,,,,,,,,,,,,,,,,,,,,,,,,,,,,,,,,,,,,,,,,,,,,,,,,,,,,,,,,,,,,,,,,,,,,,,,,,,,,,,,,,,,,,,,,,,,,,,2938.5562,108,67,2940.0445,2940.0446,2940.329,right,1,2940.329,2940.4292,2940.4292,2940.6969,space,0.2494,,0,111,111,102,1,0.2559,,,,,,,,,,,,,,,,,,,,,,
,,,,,,,,,,,,,,,618522,001,2024-12-07_13h04.07.781,test,2024.1.4,Win32,59.52380952,674841e51ddba29a9dee134e,67546f35f927709209cd55ea,67548d8adc0c853401c11a3b,,,,,,,,,,,,,,,,,,,,,,,,,,,,,,,,,,,,,,,,,,,,,,,,,,,,,,,,,,,,,,143,block_2,,,,,,,,,,,,,,,,,,,shape_3,shape_4,shape_3,shape_3,shape_4,1,1,143,,,,,,,,,,,,,,,,,,,,,,,,,,,,,,,,,,,,,,,,,,,,,,,,,,,,,,,,,,,,,,,,,,,,,,,,,,,,,,,,,,,,,,,,,,,,,,,,,,,,,,,,,,,,,,,,,,,,,,,,,,,,,,2940.6973,109,68,2942.2017,2942.2017,2942.553,right,1,2942.553,2942.6534,2942.6535,2942.8208,space,0.1467,,0,112,112,142,1,0.3326,,,,,,,,,,,,,,,,,,,,,,
,,,,,,,,,,,,,,,618522,001,2024-12-07_13h04.07.781,test,2024.1.4,Win32,59.52380952,674841e51ddba29a9dee134e,67546f35f927709209cd55ea,67548d8adc0c853401c11a3b,,,,,,,,,,,,,,,,,,,,,,,,,,,,,,,,,,,,,,,,,,,,,,,,,,,,,,,,,,,,,,290,block_2,,,,,,,,,,,,,,,,,,,shape_2,shape_3,shape_3,shape_2,shape_3,2,1,290,,,,,,,,,,,,,,,,,,,,,,,,,,,,,,,,,,,,,,,,,,,,,,,,,,,,,,,,,,,,,,,,,,,,,,,,,,,,,,,,,,,,,,,,,,,,,,,,,,,,,,,,,,,,,,,,,,,,,,,,,,,,,,2942.8212,110,69,2944.3258,2944.3258,2944.6102,right,0,2944.6102,2944.7103,2944.7103,2945.112,space,0.2933,,0,113,113,289,1,0.2587,,,,,,,,,,,,,,,,,,,,,,
,,,,,,,,,,,,,,,618522,001,2024-12-07_13h04.07.781,test,2024.1.4,Win32,59.52380952,674841e51ddba29a9dee134e,67546f35f927709209cd55ea,67548d8adc0c853401c11a3b,,,,,,,,,,,,,,,,,,,,,,,,,,,,,,,,,,,,,,,,,,,,,,,,,,,,,,,,,,,,,,214,block_2,,,,,,,,,,,,,,,,,,,shape_2,shape_1,shape_2,shape_3,shape_2,2,2,214,,,,,,,,,,,,,,,,,,,,,,,,,,,,,,,,,,,,,,,,,,,,,,,,,,,,,,,,,,,,,,,,,,,,,,,,,,,,,,,,,,,,,,,,,,,,,,,,,,,,,,,,,,,,,,,,,,,,,,,,,,,,,,2945.1125,111,68,2946.6166,2946.6166,2946.9345,right,0,2946.9346,2947.0349,2947.035,2947.3696,space,0.3142,,0,114,114,213,1,0.2976,,,,,,,,,,,,,,,,,,,,,,
,,,,,,,,,,,,,,,618522,001,2024-12-07_13h04.07.781,test,2024.1.4,Win32,59.52380952,674841e51ddba29a9dee134e,67546f35f927709209cd55ea,67548d8adc0c853401c11a3b,,,,,,,,,,,,,,,,,,,,,,,,,,,,,,,,,,,,,,,,,,,,,,,,,,,,,,,,,,,,,,104,block_2,,,,,,,,,,,,,,,,,,,shape_3,shape_3,shape_3,shape_4,shape_2,1,1,104,,,,,,,,,,,,,,,,,,,,,,,,,,,,,,,,,,,,,,,,,,,,,,,,,,,,,,,,,,,,,,,,,,,,,,,,,,,,,,,,,,,,,,,,,,,,,,,,,,,,,,,,,,,,,,,,,,,,,,,,,,,,,,2947.3701,112,67,2948.8747,2948.8748,2949.1592,right,1,2949.1592,2949.2594,2949.2595,2949.5439,space,0.1951,,0,115,115,103,1,0.2596,,,,,,,,,,,,,,,,,,,,,,
,,,,,,,,,,,,,,,618522,001,2024-12-07_13h04.07.781,test,2024.1.4,Win32,59.52380952,674841e51ddba29a9dee134e,67546f35f927709209cd55ea,67548d8adc0c853401c11a3b,,,,,,,,,,,,,,,,,,,,,,,,,,,,,,,,,,,,,,,,,,,,,,,,,,,,,,,,,,,,,,221,block_2,,,,,,,,,,,,,,,,,,,shape_2,shape_3,shape_1,shape_2,shape_2,2,2,221,,,,,,,,,,,,,,,,,,,,,,,,,,,,,,,,,,,,,,,,,,,,,,,,,,,,,,,,,,,,,,,,,,,,,,,,,,,,,,,,,,,,,,,,,,,,,,,,,,,,,,,,,,,,,,,,,,,,,,,,,,,,,,2949.5444,113,68,2951.0487,2951.0487,2951.4168,left,1,2951.4168,2951.5168,2951.5169,2951.7179,space,0.1886,,0,116,116,220,1,0.3449,,,,,,,,,,,,,,,,,,,,,,
,,,,,,,,,,,,,,,618522,001,2024-12-07_13h04.07.781,test,2024.1.4,Win32,59.52380952,674841e51ddba29a9dee134e,67546f35f927709209cd55ea,67548d8adc0c853401c11a3b,,,,,,,,,,,,,,,,,,,,,,,,,,,,,,,,,,,,,,,,,,,,,,,,,,,,,,,,,,,,,,181,block_2,,,,,,,,,,,,,,,,,,,shape_2,shape_1,shape_3,shape_2,shape_1,2,2,181,,,,,,,,,,,,,,,,,,,,,,,,,,,,,,,,,,,,,,,,,,,,,,,,,,,,,,,,,,,,,,,,,,,,,,,,,,,,,,,,,,,,,,,,,,,,,,,,,,,,,,,,,,,,,,,,,,,,,,,,,,,,,,2951.7184,114,69,2953.2229,2953.223,2953.5242,left,1,2953.5243,2953.6242,2953.6243,2953.8418,space,0.2037,,0,117,117,180,1,0.2758,,,,,,,,,,,,,,,,,,,,,,
,,,,,,,,,,,,,,,618522,001,2024-12-07_13h04.07.781,test,2024.1.4,Win32,59.52380952,674841e51ddba29a9dee134e,67546f35f927709209cd55ea,67548d8adc0c853401c11a3b,,,,,,,,,,,,,,,,,,,,,,,,,,,,,,,,,,,,,,,,,,,,,,,,,,,,,,,,,,,,,,101,block_2,,,,,,,,,,,,,,,,,,,shape_4,shape_2,shape_3,shape_3,shape_3,1,1,101,,,,,,,,,,,,,,,,,,,,,,,,,,,,,,,,,,,,,,,,,,,,,,,,,,,,,,,,,,,,,,,,,,,,,,,,,,,,,,,,,,,,,,,,,,,,,,,,,,,,,,,,,,,,,,,,,,,,,,,,,,,,,,2953.8423,115,70,2955.347,2955.3471,2955.5812,left,0,2955.5812,2955.6814,2955.6814,2955.9157,space,0.1403,,0,118,118,100,1,0.213,,,,,,,,,,,,,,,,,,,,,,
,,,,,,,,,,,,,,,618522,001,2024-12-07_13h04.07.781,test,2024.1.4,Win32,59.52380952,674841e51ddba29a9dee134e,67546f35f927709209cd55ea,67548d8adc0c853401c11a3b,,,,,,,,,,,,,,,,,,,,,,,,,,,,,,,,,,,,,,,,,,,,,,,,,,,,,,,,,,,,,,237,block_2,,,,,,,,,,,,,,,,,,,shape_1,shape_2,shape_2,shape_3,shape_3,2,2,237,,,,,,,,,,,,,,,,,,,,,,,,,,,,,,,,,,,,,,,,,,,,,,,,,,,,,,,,,,,,,,,,,,,,,,,,,,,,,,,,,,,,,,,,,,,,,,,,,,,,,,,,,,,,,,,,,,,,,,,,,,,,,,2955.9162,116,69,2957.4207,2957.4207,2957.6885,right,0,2957.6885,2957.7886,2957.7886,2958.0393,space,0.2283,,0,119,119,236,1,0.2487,,,,,,,,,,,,,,,,,,,,,,
,,,,,,,,,,,,,,,618522,001,2024-12-07_13h04.07.781,test,2024.1.4,Win32,59.52380952,674841e51ddba29a9dee134e,67546f35f927709209cd55ea,67548d8adc0c853401c11a3b,,,,,,,,,,,,,,,,,,,,,,,,,,,,,,,,,,,,,,,,,,,,,,,,,,,,,,,,,,,,,,293,block_2,,,,,,,,,,,,,,,,,,,shape_4,shape_2,shape_3,shape_3,shape_2,2,1,293,,,,,,,,,,,,,,,,,,,,,,,,,,,,,,,,,,,,,,,,,,,,,,,,,,,,,,,,,,,,,,,,,,,,,,,,,,,,,,,,,,,,,,,,,,,,,,,,,,,,,,,,,,,,,,,,,,,,,,,,,,,,,,2958.0396,117,68,2959.528,2959.528,2959.829,right,0,2959.8291,2959.9293,2959.9294,2960.1133,space,0.1688,,0,120,120,292,1,0.2817,,,,,,,,,,,,,,,,,,,,,,
,,,,,,,,,,,,,,,618522,001,2024-12-07_13h04.07.781,test,2024.1.4,Win32,59.52380952,674841e51ddba29a9dee134e,67546f35f927709209cd55ea,67548d8adc0c853401c11a3b,,,,,,,,,,,,,,,,,,,,,,,,,,,,,,,,,,,,,,,,,,,,,,,,,,,,,,,,,,,,,,134,block_2,,,,,,,,,,,,,,,,,,,shape_3,shape_3,shape_4,shape_3,shape_3,1,1,134,,,,,,,,,,,,,,,,,,,,,,,,,,,,,,,,,,,,,,,,,,,,,,,,,,,,,,,,,,,,,,,,,,,,,,,,,,,,,,,,,,,,,,,,,,,,,,,,,,,,,,,,,,,,,,,,,,,,,,,,,,,,,,2960.1138,118,67,2961.6017,2961.6018,2961.9028,right,1,2961.9029,2962.0031,2962.0032,2962.2037,space,0.1112,,0,121,121,133,1,0.2758,,,,,,,,,,,,,,,,,,,,,,
,,,,,,,,,,,,,,,618522,001,2024-12-07_13h04.07.781,test,2024.1.4,Win32,59.52380952,674841e51ddba29a9dee134e,67546f35f927709209cd55ea,67548d8adc0c853401c11a3b,,,,,,,,,,,,,,,,,,,,,,,,,,,,,,,,,,,,,,,,,,,,,,,,,,,,,,,,,,,,,,64,block_2,,,,,,,,,,,,,,,,,,,shape_2,shape_4,shape_4,shape_2,shape_2,1,1,64,,,,,,,,,,,,,,,,,,,,,,,,,,,,,,,,,,,,,,,,,,,,,,,,,,,,,,,,,,,,,,,,,,,,,,,,,,,,,,,,,,,,,,,,,,,,,,,,,,,,,,,,,,,,,,,,,,,,,,,,,,,,,,2962.2042,119,68,2963.6923,2963.6923,2964.0434,left,0,2964.0436,2964.1439,2964.1439,2964.3613,space,0.1099,,0,122,122,63,1,0.3293,,,,,,,,,,,,,,,,,,,,,,
,,,,,,,,,,,,,,,618522,001,2024-12-07_13h04.07.781,test,2024.1.4,Win32,59.52380952,674841e51ddba29a9dee134e,67546f35f927709209cd55ea,67548d8adc0c853401c11a3b,,,,,,,,,,,,,,,,,,,,,,,,,,,,,,,,,,,,,,,,,,,,,,,,,,,,,,,,,,,,,,96,block_2,,,,,,,,,,,,,,,,,,,shape_3,shape_3,shape_3,shape_2,shape_3,1,1,96,,,,,,,,,,,,,,,,,,,,,,,,,,,,,,,,,,,,,,,,,,,,,,,,,,,,,,,,,,,,,,,,,,,,,,,,,,,,,,,,,,,,,,,,,,,,,,,,,,,,,,,,,,,,,,,,,,,,,,,,,,,,,,2964.3618,120,67,2965.8662,2965.8663,2966.0169,right,1,2966.017,2966.1173,2966.1173,2966.3347,space,0.1237,,0,123,123,95,1,0.1223,,,,,,,,,,,,,,,,,,,,,,
,,,,,,,,,,,,,,,618522,001,2024-12-07_13h04.07.781,test,2024.1.4,Win32,59.52380952,674841e51ddba29a9dee134e,67546f35f927709209cd55ea,67548d8adc0c853401c11a3b,,,,,,,,,,,,,,,,,,,,,,,,,,,,,,,,,,,,,,,,,,,,,,,,,,,,,,,,,,,,,,38,block_2,,,,,,,,,,,,,,,,,,,shape_1,shape_4,shape_2,shape_3,shape_4,1,1,38,,,,,,,,,,,,,,,,,,,,,,,,,,,,,,,,,,,,,,,,,,,,,,,,,,,,,,,,,,,,,,,,,,,,,,,,,,,,,,,,,,,,,,,,,,,,,,,,,,,,,,,,,,,,,,,,,,,,,,,,,,,,,,2966.3352,121,68,2967.8397,2967.8398,2968.1074,right,1,2968.1074,2968.2077,2968.2078,2968.4752,space,0.2537,,0,124,124,37,1,0.2442,,,,,,,,,,,,,,,,,,,,,,
,,,,,,,,,,,,,,,618522,001,2024-12-07_13h04.07.781,test,2024.1.4,Win32,59.52380952,674841e51ddba29a9dee134e,67546f35f927709209cd55ea,67548d8adc0c853401c11a3b,,,,,,,,,,,,,,,,,,,,,,,,,,,,,,,,,,,,,,,,,,,,,,,,,,,,,,,,,,,,,,198,block_2,,,,,,,,,,,,,,,,,,,shape_2,shape_4,shape_1,shape_1,shape_3,2,2,198,,,,,,,,,,,,,,,,,,,,,,,,,,,,,,,,,,,,,,,,,,,,,,,,,,,,,,,,,,,,,,,,,,,,,,,,,,,,,,,,,,,,,,,,,,,,,,,,,,,,,,,,,,,,,,,,,,,,,,,,,,,,,,2968.4758,122,69,2969.9805,2969.9806,2970.315,right,0,2970.3151,2970.4154,2970.4154,2970.6663,space,0.1544,,0,125,125,197,1,0.3094,,,,,,,,,,,,,,,,,,,,,,
,,,,,,,,,,,,,,,618522,001,2024-12-07_13h04.07.781,test,2024.1.4,Win32,59.52380952,674841e51ddba29a9dee134e,67546f35f927709209cd55ea,67548d8adc0c853401c11a3b,,,,,,,,,,,,,,,,,,,,,,,,,,,,,,,,,,,,,,,,,,,,,,,,,,,,,,,,,,,,,,111,block_2,,,,,,,,,,,,,,,,,,,shape_2,shape_3,shape_3,shape_4,shape_3,1,1,111,,,,,,,,,,,,,,,,,,,,,,,,,,,,,,,,,,,,,,,,,,,,,,,,,,,,,,,,,,,,,,,,,,,,,,,,,,,,,,,,,,,,,,,,,,,,,,,,,,,,,,,,,,,,,,,,,,,,,,,,,,,,,,2970.6668,123,68,2972.1711,2972.1711,2972.4396,right,1,2972.4396,2972.5391,2972.5392,2972.74,space,0.1046,,0,126,126,110,1,0.2562,,,,,,,,,,,,,,,,,,,,,,
,,,,,,,,,,,,,,,618522,001,2024-12-07_13h04.07.781,test,2024.1.4,Win32,59.52380952,674841e51ddba29a9dee134e,67546f35f927709209cd55ea,67548d8adc0c853401c11a3b,,,,,,,,,,,,,,,,,,,,,,,,,,,,,,,,,,,,,,,,,,,,,,,,,,,,,,,,,,,,,,11,block_2,,,,,,,,,,,,,,,,,,,shape_2,shape_4,shape_1,shape_2,shape_2,1,2,11,,,,,,,,,,,,,,,,,,,,,,,,,,,,,,,,,,,,,,,,,,,,,,,,,,,,,,,,,,,,,,,,,,,,,,,,,,,,,,,,,,,,,,,,,,,,,,,,,,,,,,,,,,,,,,,,,,,,,,,,,,,,,,2972.7405,124,69,2974.2451,2974.2451,2974.563,right,1,2974.563,2974.663,2974.6631,2974.9143,space,0.2297,,0,127,127,10,1,0.3016,,,,,,,,,,,,,,,,,,,,,,
,,,,,,,,,,,,,,,618522,001,2024-12-07_13h04.07.781,test,2024.1.4,Win32,59.52380952,674841e51ddba29a9dee134e,67546f35f927709209cd55ea,67548d8adc0c853401c11a3b,,,,,,,,,,,,,,,,,,,,,,,,,,,,,,,,,,,,,,,,,,,,,,,,,,,,,,,,,,,,,,115,block_2,,,,,,,,,,,,,,,,,,,shape_2,shape_3,shape_4,shape_3,shape_4,1,1,115,,,,,,,,,,,,,,,,,,,,,,,,,,,,,,,,,,,,,,,,,,,,,,,,,,,,,,,,,,,,,,,,,,,,,,,,,,,,,,,,,,,,,,,,,,,,,,,,,,,,,,,,,,,,,,,,,,,,,,,,,,,,,,2974.9149,125,70,2976.4192,2976.4193,2976.6539,right,1,2976.6539,2976.7537,2976.7537,2976.9712,space,0.1968,,0,128,128,114,1,0.2176,,,,,,,,,,,,,,,,,,,,,,
,,,,,,,,,,,,,,,618522,001,2024-12-07_13h04.07.781,test,2024.1.4,Win32,59.52380952,674841e51ddba29a9dee134e,67546f35f927709209cd55ea,67548d8adc0c853401c11a3b,,,,,,,,,,,,,,,,,,,,,,,,,,,,,,,,,,,,,,,,,,,,,,,,,,,,,,,,,,,,,,180,block_2,,,,,,,,,,,,,,,,,,,shape_1,shape_1,shape_3,shape_2,shape_2,2,2,180,,,,,,,,,,,,,,,,,,,,,,,,,,,,,,,,,,,,,,,,,,,,,,,,,,,,,,,,,,,,,,,,,,,,,,,,,,,,,,,,,,,,,,,,,,,,,,,,,,,,,,,,,,,,,,,,,,,,,,,,,,,,,,2976.9718,126,71,2978.4763,2978.4763,2978.7606,left,1,2978.7607,2978.8609,2978.861,2979.0283,space,0.1456,,0,129,129,179,1,0.2593,,,,,,,,,,,,,,,,,,,,,,
,,,,,,,,,,,,,,,618522,001,2024-12-07_13h04.07.781,test,2024.1.4,Win32,59.52380952,674841e51ddba29a9dee134e,67546f35f927709209cd55ea,67548d8adc0c853401c11a3b,,,,,,,,,,,,,,,,,,,,,,,,,,,,,,,,,,,,,,,,,,,,,,,,,,,,,,,,,,,,,,109,block_2,,,,,,,,,,,,,,,,,,,shape_4,shape_3,shape_2,shape_3,shape_3,1,1,109,,,,,,,,,,,,,,,,,,,,,,,,,,,,,,,,,,,,,,,,,,,,,,,,,,,,,,,,,,,,,,,,,,,,,,,,,,,,,,,,,,,,,,,,,,,,,,,,,,,,,,,,,,,,,,,,,,,,,,,,,,,,,,2979.0288,127,72,2980.5336,2980.5336,2980.7843,right,1,2980.7843,2980.8845,2980.8846,2981.0684,space,0.1647,,0,130,130,108,1,0.2305,,,,,,,,,,,,,,,,,,,,,,
,,,,,,,,,,,,,,,618522,001,2024-12-07_13h04.07.781,test,2024.1.4,Win32,59.52380952,674841e51ddba29a9dee134e,67546f35f927709209cd55ea,67548d8adc0c853401c11a3b,,,,,,,,,,,,,,,,,,,,,,,,,,,,,,,,,,,,,,,,,,,,,,,,,,,,,,,,,,,,,,200,block_2,,,,,,,,,,,,,,,,,,,shape_2,shape_1,shape_4,shape_3,shape_1,2,2,200,,,,,,,,,,,,,,,,,,,,,,,,,,,,,,,,,,,,,,,,,,,,,,,,,,,,,,,,,,,,,,,,,,,,,,,,,,,,,,,,,,,,,,,,,,,,,,,,,,,,,,,,,,,,,,,,,,,,,,,,,,,,,,2981.0688,128,73,2982.5736,2982.5737,2982.8915,right,0,2982.8916,2982.9917,2982.9918,2983.2261,space,0.1464,,0,131,131,199,1,0.3,,,,,,,,,,,,,,,,,,,,,,
,,,,,,,,,,,,,,,618522,001,2024-12-07_13h04.07.781,test,2024.1.4,Win32,59.52380952,674841e51ddba29a9dee134e,67546f35f927709209cd55ea,67548d8adc0c853401c11a3b,,,,,,,,,,,,,,,,,,,,,,,,,,,,,,,,,,,,,,,,,,,,,,,,,,,,,,,,,,,,,,83,block_2,,,,,,,,,,,,,,,,,,,shape_2,shape_3,shape_3,shape_4,shape_2,1,1,83,,,,,,,,,,,,,,,,,,,,,,,,,,,,,,,,,,,,,,,,,,,,,,,,,,,,,,,,,,,,,,,,,,,,,,,,,,,,,,,,,,,,,,,,,,,,,,,,,,,,,,,,,,,,,,,,,,,,,,,,,,,,,,2983.2266,129,72,2984.7309,2984.731,2985.0152,right,1,2985.0152,2985.1154,2985.1154,2985.2995,space,0.1081,,0,132,132,82,1,0.265,,,,,,,,,,,,,,,,,,,,,,
,,,,,,,,,,,,,,,618522,001,2024-12-07_13h04.07.781,test,2024.1.4,Win32,59.52380952,674841e51ddba29a9dee134e,67546f35f927709209cd55ea,67548d8adc0c853401c11a3b,,,,,,,,,,,,,,,,,,,,,,,,,,,,,,,,,,,,,,,,,,,,,,,,,,,,,,,,,,,,,,68,block_2,,,,,,,,,,,,,,,,,,,shape_3,shape_3,shape_2,shape_2,shape_3,1,1,68,,,,,,,,,,,,,,,,,,,,,,,,,,,,,,,,,,,,,,,,,,,,,,,,,,,,,,,,,,,,,,,,,,,,,,,,,,,,,,,,,,,,,,,,,,,,,,,,,,,,,,,,,,,,,,,,,,,,,,,,,,,,,,2985.2999,130,73,2986.7881,2986.7882,2987.0894,right,1,2987.0895,2987.1895,2987.1895,2987.3568,space,0.1464,,0,133,133,67,1,0.2844,,,,,,,,,,,,,,,,,,,,,,
,,,,,,,,,,,,,,,618522,001,2024-12-07_13h04.07.781,test,2024.1.4,Win32,59.52380952,674841e51ddba29a9dee134e,67546f35f927709209cd55ea,67548d8adc0c853401c11a3b,,,,,,,,,,,,,,,,,,,,,,,,,,,,,,,,,,,,,,,,,,,,,,,,,,,,,,,,,,,,,,205,block_2,,,,,,,,,,,,,,,,,,,shape_3,shape_3,shape_3,shape_1,shape_1,2,2,205,,,,,,,,,,,,,,,,,,,,,,,,,,,,,,,,,,,,,,,,,,,,,,,,,,,,,,,,,,,,,,,,,,,,,,,,,,,,,,,,,,,,,,,,,,,,,,,,,,,,,,,,,,,,,,,,,,,,,,,,,,,,,,2987.3573,131,74,2988.862,2988.862,2988.9958,right,0,2988.996,2989.0962,2989.0963,2989.4976,space,0.3121,,0,134,134,204,1,0.1088,,,,,,,,,,,,,,,,,,,,,,
,,,,,,,,,,,,,,,618522,001,2024-12-07_13h04.07.781,test,2024.1.4,Win32,59.52380952,674841e51ddba29a9dee134e,67546f35f927709209cd55ea,67548d8adc0c853401c11a3b,,,,,,,,,,,,,,,,,,,,,,,,,,,,,,,,,,,,,,,,,,,,,,,,,,,,,,,,,,,,,,5,block_2,,,,,,,,,,,,,,,,,,,shape_4,shape_1,shape_1,shape_3,shape_2,1,2,5,,,,,,,,,,,,,,,,,,,,,,,,,,,,,,,,,,,,,,,,,,,,,,,,,,,,,,,,,,,,,,,,,,,,,,,,,,,,,,,,,,,,,,,,,,,,,,,,,,,,,,,,,,,,,,,,,,,,,,,,,,,,,,2989.4981,132,73,2991.0026,2991.0026,2991.2536,left,0,2991.2537,2991.3539,2991.3539,2991.5211,space,0.1502,,0,135,135,4,1,0.2341,,,,,,,,,,,,,,,,,,,,,,
,,,,,,,,,,,,,,,618522,001,2024-12-07_13h04.07.781,test,2024.1.4,Win32,59.52380952,674841e51ddba29a9dee134e,67546f35f927709209cd55ea,67548d8adc0c853401c11a3b,,,,,,,,,,,,,,,,,,,,,,,,,,,,,,,,,,,,,,,,,,,,,,,,,,,,,,,,,,,,,,164,block_2,,,,,,,,,,,,,,,,,,,shape_1,shape_1,shape_3,shape_3,shape_1,2,2,164,,,,,,,,,,,,,,,,,,,,,,,,,,,,,,,,,,,,,,,,,,,,,,,,,,,,,,,,,,,,,,,,,,,,,,,,,,,,,,,,,,,,,,,,,,,,,,,,,,,,,,,,,,,,,,,,,,,,,,,,,,,,,,2991.5215,133,72,2993.0095,2993.0096,2993.227,left,1,2993.2271,2993.3272,2993.3273,2993.5108,space,0.1034,,0,136,136,163,1,0.201,,,,,,,,,,,,,,,,,,,,,,
,,,,,,,,,,,,,,,618522,001,2024-12-07_13h04.07.781,test,2024.1.4,Win32,59.52380952,674841e51ddba29a9dee134e,67546f35f927709209cd55ea,67548d8adc0c853401c11a3b,,,,,,,,,,,,,,,,,,,,,,,,,,,,,,,,,,,,,,,,,,,,,,,,,,,,,,,,,,,,,,54,block_2,,,,,,,,,,,,,,,,,,,shape_2,shape_2,shape_4,shape_2,shape_2,1,2,54,,,,,,,,,,,,,,,,,,,,,,,,,,,,,,,,,,,,,,,,,,,,,,,,,,,,,,,,,,,,,,,,,,,,,,,,,,,,,,,,,,,,,,,,,,,,,,,,,,,,,,,,,,,,,,,,,,,,,,,,,,,,,,2993.5112,134,73,2994.9995,2994.9996,2995.3178,left,0,2995.3178,2995.4177,2995.4177,2995.6018,space,0.0925,,0,137,137,53,1,0.296,,,,,,,,,,,,,,,,,,,,,,
,,,,,,,,,,,,,,,618522,001,2024-12-07_13h04.07.781,test,2024.1.4,Win32,59.52380952,674841e51ddba29a9dee134e,67546f35f927709209cd55ea,67548d8adc0c853401c11a3b,,,,,,,,,,,,,,,,,,,,,,,,,,,,,,,,,,,,,,,,,,,,,,,,,,,,,,,,,,,,,,190,block_2,,,,,,,,,,,,,,,,,,,shape_3,shape_3,shape_2,shape_1,shape_1,2,2,190,,,,,,,,,,,,,,,,,,,,,,,,,,,,,,,,,,,,,,,,,,,,,,,,,,,,,,,,,,,,,,,,,,,,,,,,,,,,,,,,,,,,,,,,,,,,,,,,,,,,,,,,,,,,,,,,,,,,,,,,,,,,,,2995.6023,135,72,2997.1066,2997.1067,2997.3575,left,1,2997.3576,2997.4577,2997.4577,2997.548,space,0.0174,,0,138,138,189,1,0.2252,,,,,,,,,,,,,,,,,,,,,,
,,,,,,,,,,,,,,,618522,001,2024-12-07_13h04.07.781,test,2024.1.4,Win32,59.52380952,674841e51ddba29a9dee134e,67546f35f927709209cd55ea,67548d8adc0c853401c11a3b,,,,,,,,,,,,,,,,,,,,,,,,,,,,,,,,,,,,,,,,,,,,,,,,,,,,,,,,,,,,,,265,block_2,,,,,,,,,,,,,,,,,,,shape_3,shape_3,shape_4,shape_3,shape_1,2,1,265,,,,,,,,,,,,,,,,,,,,,,,,,,,,,,,,,,,,,,,,,,,,,,,,,,,,,,,,,,,,,,,,,,,,,,,,,,,,,,,,,,,,,,,,,,,,,,,,,,,,,,,,,,,,,,,,,,,,,,,,,,,,,,2997.5484,136,73,2999.0468,2999.0468,2999.3647,right,0,2999.3647,2999.465,2999.465,2999.6154,space,0.0575,,0,139,139,264,1,0.2969,,,,,,,,,,,,,,,,,,,,,,
,,,,,,,,,,,,,,,618522,001,2024-12-07_13h04.07.781,test,2024.1.4,Win32,59.52380952,674841e51ddba29a9dee134e,67546f35f927709209cd55ea,67548d8adc0c853401c11a3b,,,,,,,,,,,,,,,,,,,,,,,,,,,,,,,,,,,,,,,,,,,,,,,,,,,,,,,,,,,,,,135,block_2,,,,,,,,,,,,,,,,,,,shape_3,shape_3,shape_3,shape_3,shape_4,1,1,135,,,,,,,,,,,,,,,,,,,,,,,,,,,,,,,,,,,,,,,,,,,,,,,,,,,,,,,,,,,,,,,,,,,,,,,,,,,,,,,,,,,,,,,,,,,,,,,,,,,,,,,,,,,,,,,,,,,,,,,,,,,,,,2999.6159,137,72,3001.1208,3001.1209,3001.5221,right,1,3001.5221,3001.6224,3001.6225,3001.7726,space,0.0578,,0,140,140,134,1,0.376,,,,,,,,,,,,,,,,,,,,,,
,,,,,,,,,,,,,,,618522,001,2024-12-07_13h04.07.781,test,2024.1.4,Win32,59.52380952,674841e51ddba29a9dee134e,67546f35f927709209cd55ea,67548d8adc0c853401c11a3b,,,,,,,,,,,,,,,,,,,,,,,,,,,,,,,,,,,,,,,,,,,,,,,,,,,,,,,,,,,,,,253,block_2,,,,,,,,,,,,,,,,,,,shape_2,shape_1,shape_3,shape_3,shape_3,2,2,253,,,,,,,,,,,,,,,,,,,,,,,,,,,,,,,,,,,,,,,,,,,,,,,,,,,,,,,,,,,,,,,,,,,,,,,,,,,,,,,,,,,,,,,,,,,,,,,,,,,,,,,,,,,,,,,,,,,,,,,,,,,,,,3001.7729,138,73,3003.2611,3003.2612,3003.5959,right,0,3003.596,3003.6962,3003.6962,3003.8631,space,0.0745,,0,141,141,252,1,0.31,,,,,,,,,,,,,,,,,,,,,,
,,,,,,,,,,,,,,,618522,001,2024-12-07_13h04.07.781,test,2024.1.4,Win32,59.52380952,674841e51ddba29a9dee134e,67546f35f927709209cd55ea,67548d8adc0c853401c11a3b,,,,,,,,,,,,,,,,,,,,,,,,,,,,,,,,,,,,,,,,,,,,,,,,,,,,,,,,,,,,,,260,block_2,,,,,,,,,,,,,,,,,,,shape_3,shape_1,shape_3,shape_2,shape_4,2,1,260,,,,,,,,,,,,,,,,,,,,,,,,,,,,,,,,,,,,,,,,,,,,,,,,,,,,,,,,,,,,,,,,,,,,,,,,,,,,,,,,,,,,,,,,,,,,,,,,,,,,,,,,,,,,,,,,,,,,,,,,,,,,,,3003.8635,139,72,3005.3519,3005.3519,3005.7534,left,1,3005.7535,3005.8536,3005.8536,3006.1214,space,0.1729,,0,142,142,259,1,0.376,,,,,,,,,,,,,,,,,,,,,,
,,,,,,,,,,,,,,,618522,001,2024-12-07_13h04.07.781,test,2024.1.4,Win32,59.52380952,674841e51ddba29a9dee134e,67546f35f927709209cd55ea,67548d8adc0c853401c11a3b,,,,,,,,,,,,,,,,,,,,,,,,,,,,,,,,,,,,,,,,,,,,,,,,,,,,,,,,,,,,,,300,block_2,,,,,,,,,,,,,,,,,,,shape_3,shape_3,shape_2,shape_4,shape_4,2,1,300,,,,,,,,,,,,,,,,,,,,,,,,,,,,,,,,,,,,,,,,,,,,,,,,,,,,,,,,,,,,,,,,,,,,,,,,,,,,,,,,,,,,,,,,,,,,,,,,,,,,,,,,,,,,,,,,,,,,,,,,,,,,,,3006.1219,140,73,3007.6262,3007.6263,3008.0946,left,1,3008.0946,3008.1949,3008.195,3008.4627,space,0.248,,0,143,143,299,1,0.4434,,,,,,,,,,,,,,,,,,,,,,
,,,,,,,,,,,,,,,618522,001,2024-12-07_13h04.07.781,test,2024.1.4,Win32,59.52380952,674841e51ddba29a9dee134e,67546f35f927709209cd55ea,67548d8adc0c853401c11a3b,,,,,,,,,,,,,,,,,,,,,,,,,,,,,,,,,,,,,,,,,,,,,,,,,,,,,,,,,,,,,,144,block_2,,,,,,,,,,,,,,,,,,,shape_4,shape_3,shape_3,shape_3,shape_4,1,1,144,,,,,,,,,,,,,,,,,,,,,,,,,,,,,,,,,,,,,,,,,,,,,,,,,,,,,,,,,,,,,,,,,,,,,,,,,,,,,,,,,,,,,,,,,,,,,,,,,,,,,,,,,,,,,,,,,,,,,,,,,,,,,,3008.4632,141,74,3009.9677,3009.9678,3010.0352,right,1,3010.0352,3010.1351,3010.1351,3010.4696,space,0.3187,,0,144,144,143,1,0.0505,,,,,,,,,,,,,,,,,,,,,,
,,,,,,,,,,,,,,,618522,001,2024-12-07_13h04.07.781,test,2024.1.4,Win32,59.52380952,674841e51ddba29a9dee134e,67546f35f927709209cd55ea,67548d8adc0c853401c11a3b,,,,,,,,,,,,,,,,,,,,,,,,,,,,,,,,,,,,,,,,,,,,,,,,,,,,,,,,,,,,,,25,block_2,,,,,,,,,,,,,,,,,,,shape_3,shape_2,shape_3,shape_3,shape_1,1,2,25,,,,,,,,,,,,,,,,,,,,,,,,,,,,,,,,,,,,,,,,,,,,,,,,,,,,,,,,,,,,,,,,,,,,,,,,,,,,,,,,,,,,,,,,,,,,,,,,,,,,,,,,,,,,,,,,,,,,,,,,,,,,,,3010.4701,142,75,3011.9745,3011.9746,3012.4426,right,1,3012.4427,3012.5431,3012.5432,3012.8611,space,0.2976,,0,145,145,24,1,0.4445,,,,,,,,,,,,,,,,,,,,,,
,,,,,,,,,,,,,,,618522,001,2024-12-07_13h04.07.781,test,2024.1.4,Win32,59.52380952,674841e51ddba29a9dee134e,67546f35f927709209cd55ea,67548d8adc0c853401c11a3b,,,,,,,,,,,,,,,,,,,,,,,,,,,,,,,,,,,,,,,,,,,,,,,,,,,,,,,,,,,,,,31,block_2,,,,,,,,,,,,,,,,,,,shape_1,shape_4,shape_3,shape_3,shape_2,1,1,31,,,,,,,,,,,,,,,,,,,,,,,,,,,,,,,,,,,,,,,,,,,,,,,,,,,,,,,,,,,,,,,,,,,,,,,,,,,,,,,,,,,,,,,,,,,,,,,,,,,,,,,,,,,,,,,,,,,,,,,,,,,,,,3012.8617,143,76,3014.366,3014.366,3014.6838,right,1,3014.6839,3014.7841,3014.7841,3015.0352,space,0.2291,,0,146,146,30,1,0.2927,,,,,,,,,,,,,,,,,,,,,,
,,,,,,,,,,,,,,,618522,001,2024-12-07_13h04.07.781,test,2024.1.4,Win32,59.52380952,674841e51ddba29a9dee134e,67546f35f927709209cd55ea,67548d8adc0c853401c11a3b,,,,,,,,,,,,,,,,,,,,,,,,,,,,,,,,,,,,,,,,,,,,,,,,,,,,,,,,,,,,,,212,block_2,,,,,,,,,,,,,,,,,,,shape_1,shape_2,shape_2,shape_2,shape_2,2,2,212,,,,,,,,,,,,,,,,,,,,,,,,,,,,,,,,,,,,,,,,,,,,,,,,,,,,,,,,,,,,,,,,,,,,,,,,,,,,,,,,,,,,,,,,,,,,,,,,,,,,,,,,,,,,,,,,,,,,,,,,,,,,,,3015.0357,144,77,3016.5398,3016.5398,3016.8582,left,1,3016.8582,3016.9584,3016.9584,3017.2093,space,0.2366,,0,147,147,211,1,0.2973,,,,,,,,,,,,,,,,,,,,,,
,,,,,,,,,,,,,,,618522,001,2024-12-07_13h04.07.781,test,2024.1.4,Win32,59.52380952,674841e51ddba29a9dee134e,67546f35f927709209cd55ea,67548d8adc0c853401c11a3b,,,,,,,,,,,,,,,,,,,,,,,,,,,,,,,,,,,,,,,,,,,,,,,,,,,,,,,,,,,,,,166,block_2,,,,,,,,,,,,,,,,,,,shape_1,shape_3,shape_1,shape_1,shape_4,2,2,166,,,,,,,,,,,,,,,,,,,,,,,,,,,,,,,,,,,,,,,,,,,,,,,,,,,,,,,,,,,,,,,,,,,,,,,,,,,,,,,,,,,,,,,,,,,,,,,,,,,,,,,,,,,,,,,,,,,,,,,,,,,,,,3017.2099,145,78,3018.7143,3018.7144,3019.1662,left,1,3019.1663,3019.2663,3019.2663,3019.5339,space,0.247,,0,148,148,165,1,0.4266,,,,,,,,,,,,,,,,,,,,,,
,,,,,,,,,,,,,,,618522,001,2024-12-07_13h04.07.781,test,2024.1.4,Win32,59.52380952,674841e51ddba29a9dee134e,67546f35f927709209cd55ea,67548d8adc0c853401c11a3b,,,,,,,,,,,,,,,,,,,,,,,,,,,,,,,,,,,,,,,,,,,,,,,,,,,,,,,,,,,,,,283,block_2,,,,,,,,,,,,,,,,,,,shape_3,shape_2,shape_2,shape_4,shape_2,2,1,283,,,,,,,,,,,,,,,,,,,,,,,,,,,,,,,,,,,,,,,,,,,,,,,,,,,,,,,,,,,,,,,,,,,,,,,,,,,,,,,,,,,,,,,,,,,,,,,,,,,,,,,,,,,,,,,,,,,,,,,,,,,,,,3019.5344,146,79,3021.0389,3021.039,3021.3903,right,0,3021.3904,3021.4904,3021.4905,3021.7578,space,0.1756,,0,149,149,282,1,0.326,,,,,,,,,,,,,,,,,,,,,,
,,,,,,,,,,,,,,,618522,001,2024-12-07_13h04.07.781,test,2024.1.4,Win32,59.52380952,674841e51ddba29a9dee134e,67546f35f927709209cd55ea,67548d8adc0c853401c11a3b,,,,,,,,,,,,,,,,,,,,,,,,,,,,,,,,,,,,,,,,,,,,,,,,,,,,,,,,,,,,,,230,block_2,,,,,,,,,,,,,,,,,,,shape_1,shape_3,shape_2,shape_2,shape_3,2,2,230,,,,,,,,,,,,,,,,,,,,,,,,,,,,,,,,,,,,,,,,,,,,,,,,,,,,,,,,,,,,,,,,,,,,,,,,,,,,,,,,,,,,,,,,,,,,,,,,,,,,,,,,,,,,,,,,,,,,,,,,,,,,,,3021.7582,147,78,3023.2465,3023.2466,3023.6815,left,1,3023.6817,3023.7817,3023.7818,3023.8986,space,0.027,,0,150,150,229,1,0.4127,,,,,,,,,,,,,,,,,,,,,,
,,,,,,,,,,,,,,,618522,001,2024-12-07_13h04.07.781,test,2024.1.4,Win32,59.52380952,674841e51ddba29a9dee134e,67546f35f927709209cd55ea,67548d8adc0c853401c11a3b,,,,,,,,,,,,,,,,,,,,,,,,,,,,,,,,,,,,,,,,,,,,,,,,,,,,,,,,,,,,,,186,block_2,,,,,,,,,,,,,,,,,,,shape_2,shape_1,shape_4,shape_1,shape_2,2,2,186,,,,,,,,,,,,,,,,,,,,,,,,,,,,,,,,,,,,,,,,,,,,,,,,,,,,,,,,,,,,,,,,,,,,,,,,,,,,,,,,,,,,,,,,,,,,,,,,,,,,,,,,,,,,,,,,,,,,,,,,,,,,,,3023.899,148,79,3025.3872,3025.3873,3025.7383,left,1,3025.7383,3025.8386,3025.8387,3026.1068,space,0.2548,,0,151,151,185,1,0.3335,,,,,,,,,,,,,,,,,,,,,,
,,,,,,,,,,,,,,,618522,001,2024-12-07_13h04.07.781,test,2024.1.4,Win32,59.52380952,674841e51ddba29a9dee134e,67546f35f927709209cd55ea,67548d8adc0c853401c11a3b,,,,,,,,,,,,,,,,,,,,,,,,,,,,,,,,,,,,,,,,,,,,,,,,,,,,,,,,,,,,,,288,block_2,,,,,,,,,,,,,,,,,,,shape_3,shape_3,shape_3,shape_2,shape_2,2,1,288,,,,,,,,,,,,,,,,,,,,,,,,,,,,,,,,,,,,,,,,,,,,,,,,,,,,,,,,,,,,,,,,,,,,,,,,,,,,,,,,,,,,,,,,,,,,,,,,,,,,,,,,,,,,,,,,,,,,,,,,,,,,,,3026.1071,149,80,3027.6115,3027.6116,3027.9628,right,0,3027.9628,3028.063,3028.0631,3028.2973,space,0.1494,,0,152,152,287,1,0.3285,,,,,,,,,,,,,,,,,,,,,,
,,,,,,,,,,,,,,,618522,001,2024-12-07_13h04.07.781,test,2024.1.4,Win32,59.52380952,674841e51ddba29a9dee134e,67546f35f927709209cd55ea,67548d8adc0c853401c11a3b,,,,,,,,,,,,,,,,,,,,,,,,,,,,,,,,,,,,,,,,,,,,,,,,,,,,,,,,,,,,,,12,block_2,,,,,,,,,,,,,,,,,,,shape_2,shape_3,shape_2,shape_1,shape_3,1,2,12,,,,,,,,,,,,,,,,,,,,,,,,,,,,,,,,,,,,,,,,,,,,,,,,,,,,,,,,,,,,,,,,,,,,,,,,,,,,,,,,,,,,,,,,,,,,,,,,,,,,,,,,,,,,,,,,,,,,,,,,,,,,,,3028.2978,150,79,3029.8023,3029.8023,3030.1031,left,0,3030.1031,3030.2034,3030.2035,3030.4543,space,0.2321,,0,153,153,11,1,0.2817,,,,,,,,,,,,,,,,,,,,,,
,,,,,,,,,,,,,,,618522,001,2024-12-07_13h04.07.781,test,2024.1.4,Win32,59.52380952,674841e51ddba29a9dee134e,67546f35f927709209cd55ea,67548d8adc0c853401c11a3b,,,,,,,,,,,,,,,,,,,,,,,,,,,,,,,,,,,,,,,,,,,,,,,,,,,,,,,,,,,,,,231,block_2,,,,,,,,,,,,,,,,,,,shape_3,shape_3,shape_1,shape_2,shape_2,2,2,231,,,,,,,,,,,,,,,,,,,,,,,,,,,,,,,,,,,,,,,,,,,,,,,,,,,,,,,,,,,,,,,,,,,,,,,,,,,,,,,,,,,,,,,,,,,,,,,,,,,,,,,,,,,,,,,,,,,,,,,,,,,,,,3030.4547,151,78,3031.943,3031.9431,3032.2605,left,1,3032.2606,3032.3611,3032.3613,3032.6128,space,0.162,,0,154,154,230,1,0.2947,,,,,,,,,,,,,,,,,,,,,,
,,,,,,,,,,,,,,,618522,001,2024-12-07_13h04.07.781,test,2024.1.4,Win32,59.52380952,674841e51ddba29a9dee134e,67546f35f927709209cd55ea,67548d8adc0c853401c11a3b,,,,,,,,,,,,,,,,,,,,,,,,,,,,,,,,,,,,,,,,,,,,,,,,,,,,,,,,,,,,,,224,block_2,,,,,,,,,,,,,,,,,,,shape_2,shape_2,shape_1,shape_2,shape_3,2,2,224,,,,,,,,,,,,,,,,,,,,,,,,,,,,,,,,,,,,,,,,,,,,,,,,,,,,,,,,,,,,,,,,,,,,,,,,,,,,,,,,,,,,,,,,,,,,,,,,,,,,,,,,,,,,,,,,,,,,,,,,,,,,,,3032.6132,152,79,3034.1172,3034.1172,3034.5018,left,1,3034.5018,3034.6021,3034.6022,3034.92,space,0.2958,,0,155,155,223,1,0.3666,,,,,,,,,,,,,,,,,,,,,,
,,,,,,,,,,,,,,,618522,001,2024-12-07_13h04.07.781,test,2024.1.4,Win32,59.52380952,674841e51ddba29a9dee134e,67546f35f927709209cd55ea,67548d8adc0c853401c11a3b,,,,,,,,,,,,,,,,,,,,,,,,,,,,,,,,,,,,,,,,,,,,,,,,,,,,,,,,,,,,,,255,block_2,,,,,,,,,,,,,,,,,,,shape_1,shape_3,shape_3,shape_3,shape_2,2,2,255,,,,,,,,,,,,,,,,,,,,,,,,,,,,,,,,,,,,,,,,,,,,,,,,,,,,,,,,,,,,,,,,,,,,,,,,,,,,,,,,,,,,,,,,,,,,,,,,,,,,,,,,,,,,,,,,,,,,,,,,,,,,,,3034.9205,153,80,3036.4251,3036.4251,3036.6928,right,0,3036.6929,3036.7929,3036.7929,3036.9933,space,0.1158,,0,156,156,254,1,0.2472,,,,,,,,,,,,,,,,,,,,,,
,,,,,,,,,,,,,,,618522,001,2024-12-07_13h04.07.781,test,2024.1.4,Win32,59.52380952,674841e51ddba29a9dee134e,67546f35f927709209cd55ea,67548d8adc0c853401c11a3b,,,,,,,,,,,,,,,,,,,,,,,,,,,,,,,,,,,,,,,,,,,,,,,,,,,,,,,,,,,,,,217,block_2,,,,,,,,,,,,,,,,,,,shape_2,shape_2,shape_2,shape_1,shape_3,2,2,217,,,,,,,,,,,,,,,,,,,,,,,,,,,,,,,,,,,,,,,,,,,,,,,,,,,,,,,,,,,,,,,,,,,,,,,,,,,,,,,,,,,,,,,,,,,,,,,,,,,,,,,,,,,,,,,,,,,,,,,,,,,,,,3036.9937,154,79,3038.4819,3038.4819,3038.7665,left,1,3038.7666,3038.8666,3038.8667,3039.2178,space,0.2598,,0,157,157,216,1,0.2617,,,,,,,,,,,,,,,,,,,,,,
,,,,,,,,,,,,,,,618522,001,2024-12-07_13h04.07.781,test,2024.1.4,Win32,59.52380952,674841e51ddba29a9dee134e,67546f35f927709209cd55ea,67548d8adc0c853401c11a3b,,,,,,,,,,,,,,,,,,,,,,,,,,,,,,,,,,,,,,,,,,,,,,,,,,,,,,,,,,,,,,266,block_2,,,,,,,,,,,,,,,,,,,shape_4,shape_3,shape_4,shape_1,shape_3,2,1,266,,,,,,,,,,,,,,,,,,,,,,,,,,,,,,,,,,,,,,,,,,,,,,,,,,,,,,,,,,,,,,,,,,,,,,,,,,,,,,,,,,,,,,,,,,,,,,,,,,,,,,,,,,,,,,,,,,,,,,,,,,,,,,3039.2182,155,80,3040.7064,3040.7064,3041.0576,right,0,3041.0578,3041.158,3041.1581,3041.476,space,0.2223,,0,158,158,265,1,0.324,,,,,,,,,,,,,,,,,,,,,,
,,,,,,,,,,,,,,,618522,001,2024-12-07_13h04.07.781,test,2024.1.4,Win32,59.52380952,674841e51ddba29a9dee134e,67546f35f927709209cd55ea,67548d8adc0c853401c11a3b,,,,,,,,,,,,,,,,,,,,,,,,,,,,,,,,,,,,,,,,,,,,,,,,,,,,,,,,,,,,,,238,block_2,,,,,,,,,,,,,,,,,,,shape_2,shape_2,shape_3,shape_1,shape_3,2,2,238,,,,,,,,,,,,,,,,,,,,,,,,,,,,,,,,,,,,,,,,,,,,,,,,,,,,,,,,,,,,,,,,,,,,,,,,,,,,,,,,,,,,,,,,,,,,,,,,,,,,,,,,,,,,,,,,,,,,,,,,,,,,,,3041.4764,156,79,3042.9809,3042.981,3043.2653,left,1,3043.2653,3043.3655,3043.3655,3043.6332,space,0.1862,,0,159,159,237,1,0.2589,,,,,,,,,,,,,,,,,,,,,,
,,,,,,,,,,,,,,,618522,001,2024-12-07_13h04.07.781,test,2024.1.4,Win32,59.52380952,674841e51ddba29a9dee134e,67546f35f927709209cd55ea,67548d8adc0c853401c11a3b,,,,,,,,,,,,,,,,,,,,,,,,,,,,,,,,,,,,,,,,,,,,,,,,,,,,,,,,,,,,,,98,block_2,,,,,,,,,,,,,,,,,,,shape_3,shape_2,shape_3,shape_3,shape_3,1,1,98,,,,,,,,,,,,,,,,,,,,,,,,,,,,,,,,,,,,,,,,,,,,,,,,,,,,,,,,,,,,,,,,,,,,,,,,,,,,,,,,,,,,,,,,,,,,,,,,,,,,,,,,,,,,,,,,,,,,,,,,,,,,,,3043.6336,157,80,3045.1217,3045.1217,3045.4226,right,1,3045.4227,3045.523,3045.5231,3045.8742,space,0.3308,,0,160,160,97,1,0.2754,,,,,,,,,,,,,,,,,,,,,,
,,,,,,,,,,,,,,,618522,001,2024-12-07_13h04.07.781,test,2024.1.4,Win32,59.52380952,674841e51ddba29a9dee134e,67546f35f927709209cd55ea,67548d8adc0c853401c11a3b,,,,,,,,,,,,,,,,,,,,,,,,,,,,,,,,,,,,,,,,,,,,,,,,,,,,,,,,,,,,,,60,block_2,,,,,,,,,,,,,,,,,,,shape_2,shape_2,shape_3,shape_4,shape_2,1,1,60,,,,,,,,,,,,,,,,,,,,,,,,,,,,,,,,,,,,,,,,,,,,,,,,,,,,,,,,,,,,,,,,,,,,,,,,,,,,,,,,,,,,,,,,,,,,,,,,,,,,,,,,,,,,,,,,,,,,,,,,,,,,,,3045.8747,158,81,3047.3793,3047.3793,3047.5801,left,0,3047.5801,3047.6804,3047.6806,3048.0485,space,0.2847,,0,161,161,59,1,0.1757,,,,,,,,,,,,,,,,,,,,,,
,,,,,,,,,,,,,,,618522,001,2024-12-07_13h04.07.781,test,2024.1.4,Win32,59.52380952,674841e51ddba29a9dee134e,67546f35f927709209cd55ea,67548d8adc0c853401c11a3b,,,,,,,,,,,,,,,,,,,,,,,,,,,,,,,,,,,,,,,,,,,,,,,,,,,,,,,,,,,,,,76,block_2,,,,,,,,,,,,,,,,,,,shape_3,shape_2,shape_4,shape_2,shape_3,1,1,76,,,,,,,,,,,,,,,,,,,,,,,,,,,,,,,,,,,,,,,,,,,,,,,,,,,,,,,,,,,,,,,,,,,,,,,,,,,,,,,,,,,,,,,,,,,,,,,,,,,,,,,,,,,,,,,,,,,,,,,,,,,,,,3048.0489,159,80,3049.5536,3049.5536,3049.8379,right,1,3049.838,3049.9381,3049.9382,3050.1888,space,0.1544,,0,162,162,75,1,0.2589,,,,,,,,,,,,,,,,,,,,,,
,,,,,,,,,,,,,,,618522,001,2024-12-07_13h04.07.781,test,2024.1.4,Win32,59.52380952,674841e51ddba29a9dee134e,67546f35f927709209cd55ea,67548d8adc0c853401c11a3b,,,,,,,,,,,,,,,,,,,,,,,,,,,,,,,,,,,,,,,,,,,,,,,,,,,,,,,,,,,,,,142,block_2,,,,,,,,,,,,,,,,,,,shape_3,shape_3,shape_4,shape_3,shape_4,1,1,142,,,,,,,,,,,,,,,,,,,,,,,,,,,,,,,,,,,,,,,,,,,,,,,,,,,,,,,,,,,,,,,,,,,,,,,,,,,,,,,,,,,,,,,,,,,,,,,,,,,,,,,,,,,,,,,,,,,,,,,,,,,,,,3050.1893,160,81,3051.6774,3051.6774,3052.0622,right,1,3052.0622,3052.1624,3052.1624,3052.3298,space,0.1453,,0,163,163,141,1,0.3594,,,,,,,,,,,,,,,,,,,,,,
,,,,,,,,,,,,,,,618522,001,2024-12-07_13h04.07.781,test,2024.1.4,Win32,59.52380952,674841e51ddba29a9dee134e,67546f35f927709209cd55ea,67548d8adc0c853401c11a3b,,,,,,,,,,,,,,,,,,,,,,,,,,,,,,,,,,,,,,,,,,,,,,,,,,,,,,,,,,,,,,252,block_2,,,,,,,,,,,,,,,,,,,shape_1,shape_3,shape_3,shape_3,shape_2,2,2,252,,,,,,,,,,,,,,,,,,,,,,,,,,,,,,,,,,,,,,,,,,,,,,,,,,,,,,,,,,,,,,,,,,,,,,,,,,,,,,,,,,,,,,,,,,,,,,,,,,,,,,,,,,,,,,,,,,,,,,,,,,,,,,3052.3302,161,82,3053.8347,3053.8348,3054.2864,left,1,3054.2864,3054.3867,3054.3868,3054.7214,space,0.3146,,0,164,164,251,1,0.4308,,,,,,,,,,,,,,,,,,,,,,
,,,,,,,,,,,,,,,618522,001,2024-12-07_13h04.07.781,test,2024.1.4,Win32,59.52380952,674841e51ddba29a9dee134e,67546f35f927709209cd55ea,67548d8adc0c853401c11a3b,,,,,,,,,,,,,,,,,,,,,,,,,,,,,,,,,,,,,,,,,,,,,,,,,,,,,,,,,,,,,,62,block_2,,,,,,,,,,,,,,,,,,,shape_2,shape_2,shape_2,shape_3,shape_4,1,1,62,,,,,,,,,,,,,,,,,,,,,,,,,,,,,,,,,,,,,,,,,,,,,,,,,,,,,,,,,,,,,,,,,,,,,,,,,,,,,,,,,,,,,,,,,,,,,,,,,,,,,,,,,,,,,,,,,,,,,,,,,,,,,,3054.722,162,83,3056.2262,3056.2263,3056.5606,right,1,3056.5606,3056.6609,3056.6609,3056.8619,space,0.1866,,0,165,165,61,1,0.316,,,,,,,,,,,,,,,,,,,,,,
,,,,,,,,,,,,,,,618522,001,2024-12-07_13h04.07.781,test,2024.1.4,Win32,59.52380952,674841e51ddba29a9dee134e,67546f35f927709209cd55ea,67548d8adc0c853401c11a3b,,,,,,,,,,,,,,,,,,,,,,,,,,,,,,,,,,,,,,,,,,,,,,,,,,,,,,,,,,,,,,84,block_2,,,,,,,,,,,,,,,,,,,shape_2,shape_2,shape_3,shape_4,shape_3,1,1,84,,,,,,,,,,,,,,,,,,,,,,,,,,,,,,,,,,,,,,,,,,,,,,,,,,,,,,,,,,,,,,,,,,,,,,,,,,,,,,,,,,,,,,,,,,,,,,,,,,,,,,,,,,,,,,,,,,,,,,,,,,,,,,3056.8624,163,84,3058.3669,3058.367,3058.6348,right,1,3058.6348,3058.7349,3058.7349,3059.0193,space,0.2627,,0,166,166,83,1,0.2433,,,,,,,,,,,,,,,,,,,,,,
,,,,,,,,,,,,,,,618522,001,2024-12-07_13h04.07.781,test,2024.1.4,Win32,59.52380952,674841e51ddba29a9dee134e,67546f35f927709209cd55ea,67548d8adc0c853401c11a3b,,,,,,,,,,,,,,,,,,,,,,,,,,,,,,,,,,,,,,,,,,,,,,,,,,,,,,,,,,,,,,108,block_2,,,,,,,,,,,,,,,,,,,shape_2,shape_4,shape_3,shape_3,shape_3,1,1,108,,,,,,,,,,,,,,,,,,,,,,,,,,,,,,,,,,,,,,,,,,,,,,,,,,,,,,,,,,,,,,,,,,,,,,,,,,,,,,,,,,,,,,,,,,,,,,,,,,,,,,,,,,,,,,,,,,,,,,,,,,,,,,3059.0197,164,85,3060.5244,3060.5244,3060.8089,right,1,3060.8089,3060.9091,3060.9091,3061.0596,space,0.1326,,0,167,167,107,1,0.2651,,,,,,,,,,,,,,,,,,,,,,
,,,,,,,,,,,,,,,618522,001,2024-12-07_13h04.07.781,test,2024.1.4,Win32,59.52380952,674841e51ddba29a9dee134e,67546f35f927709209cd55ea,67548d8adc0c853401c11a3b,,,,,,,,,,,,,,,,,,,,,,,,,,,,,,,,,,,,,,,,,,,,,,,,,,,,,,,,,,,,,,39,block_2,,,,,,,,,,,,,,,,,,,shape_2,shape_4,shape_1,shape_4,shape_3,1,1,39,,,,,,,,,,,,,,,,,,,,,,,,,,,,,,,,,,,,,,,,,,,,,,,,,,,,,,,,,,,,,,,,,,,,,,,,,,,,,,,,,,,,,,,,,,,,,,,,,,,,,,,,,,,,,,,,,,,,,,,,,,,,,,3061.0601,165,86,3062.5481,3062.5481,3062.8989,right,1,3062.8989,3062.9991,3062.9992,3063.3672,space,0.3497,,0,168,168,38,1,0.3288,,,,,,,,,,,,,,,,,,,,,,
,,,,,,,,,,,,,,,618522,001,2024-12-07_13h04.07.781,test,2024.1.4,Win32,59.52380952,674841e51ddba29a9dee134e,67546f35f927709209cd55ea,67548d8adc0c853401c11a3b,,,,,,,,,,,,,,,,,,,,,,,,,,,,,,,,,,,,,,,,,,,,,,,,,,,,,,,,,,,,,,22,block_2,,,,,,,,,,,,,,,,,,,shape_2,shape_1,shape_2,shape_4,shape_4,1,1,22,,,,,,,,,,,,,,,,,,,,,,,,,,,,,,,,,,,,,,,,,,,,,,,,,,,,,,,,,,,,,,,,,,,,,,,,,,,,,,,,,,,,,,,,,,,,,,,,,,,,,,,,,,,,,,,,,,,,,,,,,,,,,,3063.3675,166,87,3064.8557,3064.8559,3064.9564,right,1,3064.9564,3065.0567,3065.0567,3065.4244,space,0.3469,,0,169,169,21,1,0.0794,,,,,,,,,,,,,,,,,,,,,,
,,,,,,,,,,,,,,,618522,001,2024-12-07_13h04.07.781,test,2024.1.4,Win32,59.52380952,674841e51ddba29a9dee134e,67546f35f927709209cd55ea,67548d8adc0c853401c11a3b,,,,,,,,,,,,,,,,,,,,,,,,,,,,,,,,,,,,,,,,,,,,,,,,,,,,,,,,,,,,,,42,block_2,,,,,,,,,,,,,,,,,,,shape_1,shape_3,shape_3,shape_3,shape_3,1,1,42,,,,,,,,,,,,,,,,,,,,,,,,,,,,,,,,,,,,,,,,,,,,,,,,,,,,,,,,,,,,,,,,,,,,,,,,,,,,,,,,,,,,,,,,,,,,,,,,,,,,,,,,,,,,,,,,,,,,,,,,,,,,,,3065.4249,167,88,3066.9128,3066.9129,3067.1306,right,1,3067.1307,3067.2306,3067.2306,3067.5318,space,0.2812,,0,170,170,41,1,0.1917,,,,,,,,,,,,,,,,,,,,,,
,,,,,,,,,,,,,,,618522,001,2024-12-07_13h04.07.781,test,2024.1.4,Win32,59.52380952,674841e51ddba29a9dee134e,67546f35f927709209cd55ea,67548d8adc0c853401c11a3b,,,,,,,,,,,,,,,,,,,,,,,,,,,,,,,,,,,,,,,,,,,,,,,,,,,,,,,,,,,,,,289,block_2,,,,,,,,,,,,,,,,,,,shape_3,shape_3,shape_3,shape_2,shape_2,2,1,289,,,,,,,,,,,,,,,,,,,,,,,,,,,,,,,,,,,,,,,,,,,,,,,,,,,,,,,,,,,,,,,,,,,,,,,,,,,,,,,,,,,,,,,,,,,,,,,,,,,,,,,,,,,,,,,,,,,,,,,,,,,,,,3067.5323,168,89,3069.0369,3069.037,3069.288,right,0,3069.288,3069.3882,3069.3882,3069.6726,space,0.1921,,0,171,171,288,1,0.2257,,,,,,,,,,,,,,,,,,,,,,
,,,,,,,,,,,,,,,618522,001,2024-12-07_13h04.07.781,test,2024.1.4,Win32,59.52380952,674841e51ddba29a9dee134e,67546f35f927709209cd55ea,67548d8adc0c853401c11a3b,,,,,,,,,,,,,,,,,,,,,,,,,,,,,,,,,,,,,,,,,,,,,,,,,,,,,,,,,,,,,,249,block_2,,,,,,,,,,,,,,,,,,,shape_2,shape_1,shape_2,shape_4,shape_3,2,2,249,,,,,,,,,,,,,,,,,,,,,,,,,,,,,,,,,,,,,,,,,,,,,,,,,,,,,,,,,,,,,,,,,,,,,,,,,,,,,,,,,,,,,,,,,,,,,,,,,,,,,,,,,,,,,,,,,,,,,,,,,,,,,,3069.6731,169,88,3071.1778,3071.1779,3071.5122,left,1,3071.5124,3071.6126,3071.6126,3071.8634,space,0.1578,,0,172,172,248,1,0.3095,,,,,,,,,,,,,,,,,,,,,,
,,,,,,,,,,,,,,,618522,001,2024-12-07_13h04.07.781,test,2024.1.4,Win32,59.52380952,674841e51ddba29a9dee134e,67546f35f927709209cd55ea,67548d8adc0c853401c11a3b,,,,,,,,,,,,,,,,,,,,,,,,,,,,,,,,,,,,,,,,,,,,,,,,,,,,,,,,,,,,,,57,block_2,,,,,,,,,,,,,,,,,,,shape_2,shape_3,shape_2,shape_2,shape_3,1,2,57,,,,,,,,,,,,,,,,,,,,,,,,,,,,,,,,,,,,,,,,,,,,,,,,,,,,,,,,,,,,,,,,,,,,,,,,,,,,,,,,,,,,,,,,,,,,,,,,,,,,,,,,,,,,,,,,,,,,,,,,,,,,,,3071.8638,170,89,3073.3686,3073.3686,3073.6697,left,0,3073.6697,3073.7699,3073.77,3074.1044,space,0.2378,,0,173,173,56,1,0.281,,,,,,,,,,,,,,,,,,,,,,
,,,,,,,,,,,,,,,618522,001,2024-12-07_13h04.07.781,test,2024.1.4,Win32,59.52380952,674841e51ddba29a9dee134e,67546f35f927709209cd55ea,67548d8adc0c853401c11a3b,,,,,,,,,,,,,,,,,,,,,,,,,,,,,,,,,,,,,,,,,,,,,,,,,,,,,,,,,,,,,,70,block_2,,,,,,,,,,,,,,,,,,,shape_2,shape_3,shape_3,shape_3,shape_2,1,1,70,,,,,,,,,,,,,,,,,,,,,,,,,,,,,,,,,,,,,,,,,,,,,,,,,,,,,,,,,,,,,,,,,,,,,,,,,,,,,,,,,,,,,,,,,,,,,,,,,,,,,,,,,,,,,,,,,,,,,,,,,,,,,,3074.1049,171,88,3075.6094,3075.6094,3075.9607,right,1,3075.9608,3076.0609,3076.061,3076.2953,space,0.1422,,0,174,174,69,1,0.33,,,,,,,,,,,,,,,,,,,,,,
,,,,,,,,,,,,,,,618522,001,2024-12-07_13h04.07.781,test,2024.1.4,Win32,59.52380952,674841e51ddba29a9dee134e,67546f35f927709209cd55ea,67548d8adc0c853401c11a3b,,,,,,,,,,,,,,,,,,,,,,,,,,,,,,,,,,,,,,,,,,,,,,,,,,,,,,,,,,,,,,72,block_2,,,,,,,,,,,,,,,,,,,shape_3,shape_2,shape_2,shape_3,shape_3,1,1,72,,,,,,,,,,,,,,,,,,,,,,,,,,,,,,,,,,,,,,,,,,,,,,,,,,,,,,,,,,,,,,,,,,,,,,,,,,,,,,,,,,,,,,,,,,,,,,,,,,,,,,,,,,,,,,,,,,,,,,,,,,,,,,3076.2958,172,89,3077.8003,3077.8003,3078.1347,right,1,3078.1348,3078.2352,3078.2353,3078.503,space,0.2457,,0,175,175,71,1,0.3095,,,,,,,,,,,,,,,,,,,,,,
,,,,,,,,,,,,,,,618522,001,2024-12-07_13h04.07.781,test,2024.1.4,Win32,59.52380952,674841e51ddba29a9dee134e,67546f35f927709209cd55ea,67548d8adc0c853401c11a3b,,,,,,,,,,,,,,,,,,,,,,,,,,,,,,,,,,,,,,,,,,,,,,,,,,,,,,,,,,,,,,7,block_2,,,,,,,,,,,,,,,,,,,shape_4,shape_3,shape_1,shape_3,shape_1,1,2,7,,,,,,,,,,,,,,,,,,,,,,,,,,,,,,,,,,,,,,,,,,,,,,,,,,,,,,,,,,,,,,,,,,,,,,,,,,,,,,,,,,,,,,,,,,,,,,,,,,,,,,,,,,,,,,,,,,,,,,,,,,,,,,3078.5034,173,90,3080.0079,3080.008,3080.1418,left,0,3080.1419,3080.242,3080.2421,3080.5599,space,0.2179,,0,176,176,6,1,0.113,,,,,,,,,,,,,,,,,,,,,,
,,,,,,,,,,,,,,,618522,001,2024-12-07_13h04.07.781,test,2024.1.4,Win32,59.52380952,674841e51ddba29a9dee134e,67546f35f927709209cd55ea,67548d8adc0c853401c11a3b,,,,,,,,,,,,,,,,,,,,,,,,,,,,,,,,,,,,,,,,,,,,,,,,,,,,,,,,,,,,,,229,block_2,,,,,,,,,,,,,,,,,,,shape_2,shape_2,shape_2,shape_1,shape_4,2,2,229,,,,,,,,,,,,,,,,,,,,,,,,,,,,,,,,,,,,,,,,,,,,,,,,,,,,,,,,,,,,,,,,,,,,,,,,,,,,,,,,,,,,,,,,,,,,,,,,,,,,,,,,,,,,,,,,,,,,,,,,,,,,,,3080.5604,174,89,3082.0647,3082.0647,3082.4665,right,0,3082.4666,3082.5669,3082.5669,3082.8176,space,0.2304,,0,177,177,228,1,0.3798,,,,,,,,,,,,,,,,,,,,,,
,,,,,,,,,,,,,,,618522,001,2024-12-07_13h04.07.781,test,2024.1.4,Win32,59.52380952,674841e51ddba29a9dee134e,67546f35f927709209cd55ea,67548d8adc0c853401c11a3b,,,,,,,,,,,,,,,,,,,,,,,,,,,,,,,,,,,,,,,,,,,,,,,,,,,,,,,,,,,,,,280,block_2,,,,,,,,,,,,,,,,,,,shape_2,shape_3,shape_2,shape_2,shape_3,2,2,280,,,,,,,,,,,,,,,,,,,,,,,,,,,,,,,,,,,,,,,,,,,,,,,,,,,,,,,,,,,,,,,,,,,,,,,,,,,,,,,,,,,,,,,,,,,,,,,,,,,,,,,,,,,,,,,,,,,,,,,,,,,,,,3082.8182,175,88,3084.3227,3084.3227,3084.6738,left,1,3084.6739,3084.7743,3084.7743,3084.9919,space,0.1181,,0,178,178,279,1,0.3288,,,,,,,,,,,,,,,,,,,,,,
,,,,,,,,,,,,,,,618522,001,2024-12-07_13h04.07.781,test,2024.1.4,Win32,59.52380952,674841e51ddba29a9dee134e,67546f35f927709209cd55ea,67548d8adc0c853401c11a3b,,,,,,,,,,,,,,,,,,,,,,,,,,,,,,,,,,,,,,,,,,,,,,,,,,,,,,,,,,,,,,174,block_2,,,,,,,,,,,,,,,,,,,shape_3,shape_2,shape_1,shape_1,shape_2,2,2,174,,,,,,,,,,,,,,,,,,,,,,,,,,,,,,,,,,,,,,,,,,,,,,,,,,,,,,,,,,,,,,,,,,,,,,,,,,,,,,,,,,,,,,,,,,,,,,,,,,,,,,,,,,,,,,,,,,,,,,,,,,,,,,3084.9923,176,89,3086.4968,3086.4968,3086.8147,left,1,3086.8148,3086.9151,3086.9151,3087.1825,space,0.2465,,0,179,179,173,1,0.2968,,,,,,,,,,,,,,,,,,,,,,
,,,,,,,,,,,,,,,618522,001,2024-12-07_13h04.07.781,test,2024.1.4,Win32,59.52380952,674841e51ddba29a9dee134e,67546f35f927709209cd55ea,67548d8adc0c853401c11a3b,,,,,,,,,,,,,,,,,,,,,,,,,,,,,,,,,,,,,,,,,,,,,,,,,,,,,,,,,,,,,,259,block_2,,,,,,,,,,,,,,,,,,,shape_4,shape_2,shape_1,shape_3,shape_3,2,1,259,,,,,,,,,,,,,,,,,,,,,,,,,,,,,,,,,,,,,,,,,,,,,,,,,,,,,,,,,,,,,,,,,,,,,,,,,,,,,,,,,,,,,,,,,,,,,,,,,,,,,,,,,,,,,,,,,,,,,,,,,,,,,,3087.183,177,90,3088.6876,3088.6877,3089.0053,right,0,3089.0054,3089.1055,3089.1055,3182.5097,space,93.3262,,0,180,180,258,1,0.2929,,,,,,,,,,,,,,,,,,,,,,
,,,,,,,,,,,,,,,618522,001,2024-12-07_13h04.07.781,test,2024.1.4,Win32,59.52380952,674841e51ddba29a9dee134e,67546f35f927709209cd55ea,67548d8adc0c853401c11a3b,,,,,,,,,,,,,,,,,,,,,,,,,,,,,,,,,,,,,,,,,,,,,,,,,,,,,,,,,,,,,,120,block_2,,,,,,,,,,,,,,,,,,,shape_3,shape_3,shape_4,shape_2,shape_4,1,1,120,,,,,,,,,,,,,,,,,,,,,,,,,,,,,,,,,,,,,,,,,,,,,,,,,,,,,,,,,,,,,,,,,,,,,,,,,,,,,,,,,,,,,,,,,,,,,,,,,,,,,,,,,,,,,,,,,,,,,,,,,,,,,,3182.5105,178,89,3184.0145,3184.0145,3184.3821,,0,3184.3822,3184.3845,3184.3845,3185.2022,space,0.8063,,0,181,181,119,1,,,,,,,,,,,,,,,,,,,,,,,
,,,,,,,,,,,,,,,618522,001,2024-12-07_13h04.07.781,test,2024.1.4,Win32,59.52380952,674841e51ddba29a9dee134e,67546f35f927709209cd55ea,67548d8adc0c853401c11a3b,,,,,,,,,,,,,,,,,,,,,,,,,,,,,,,,,,,,,,,,,,,,,,,,,,,,,,,,,,,,,,36,block_2,,,,,,,,,,,,,,,,,,,shape_4,shape_4,shape_3,shape_2,shape_1,1,1,36,,,,,,,,,,,,,,,,,,,,,,,,,,,,,,,,,,,,,,,,,,,,,,,,,,,,,,,,,,,,,,,,,,,,,,,,,,,,,,,,,,,,,,,,,,,,,,,,,,,,,,,,,,,,,,,,,,,,,,,,,,,,,,3185.2031,178,89,3186.7073,3186.7073,3186.9916,right,1,3186.9917,3187.3645,3187.3646,3188.0621,space,0.6244,,0,182,182,35,1,0.273,,,,,,,,,,,,,,,,,,,,,,
,,,,,,,,,,,,,,,618522,001,2024-12-07_13h04.07.781,test,2024.1.4,Win32,59.52380952,674841e51ddba29a9dee134e,67546f35f927709209cd55ea,67548d8adc0c853401c11a3b,,,,,,,,,,,,,,,,,,,,,,,,,,,,,,,,,,,,,,,,,,,,,,,,,,,,,,,,,,,,,,285,block_2,,,,,,,,,,,,,,,,,,,shape_2,shape_2,shape_2,shape_3,shape_4,2,1,285,,,,,,,,,,,,,,,,,,,,,,,,,,,,,,,,,,,,,,,,,,,,,,,,,,,,,,,,,,,,,,,,,,,,,,,,,,,,,,,,,,,,,,,,,,,,,,,,,,,,,,,,,,,,,,,,,,,,,,,,,,,,,,3188.0626,179,90,3189.5669,3189.567,3189.8347,right,0,3189.8347,3189.935,3189.935,3190.3364,space,0.3313,,0,183,183,284,1,0.252,,,,,,,,,,,,,,,,,,,,,,
,,,,,,,,,,,,,,,618522,001,2024-12-07_13h04.07.781,test,2024.1.4,Win32,59.52380952,674841e51ddba29a9dee134e,67546f35f927709209cd55ea,67548d8adc0c853401c11a3b,,,,,,,,,,,,,,,,,,,,,,,,,,,,,,,,,,,,,,,,,,,,,,,,,,,,,,,,,,,,,,41,block_2,,,,,,,,,,,,,,,,,,,shape_3,shape_3,shape_3,shape_3,shape_1,1,1,41,,,,,,,,,,,,,,,,,,,,,,,,,,,,,,,,,,,,,,,,,,,,,,,,,,,,,,,,,,,,,,,,,,,,,,,,,,,,,,,,,,,,,,,,,,,,,,,,,,,,,,,,,,,,,,,,,,,,,,,,,,,,,,3190.3369,180,89,3191.8413,3191.8414,3192.1261,right,1,3192.1263,3192.226,3192.2261,3192.5942,space,0.2951,,0,184,184,40,1,0.266,,,,,,,,,,,,,,,,,,,,,,
,,,,,,,,,,,,,,,618522,001,2024-12-07_13h04.07.781,test,2024.1.4,Win32,59.52380952,674841e51ddba29a9dee134e,67546f35f927709209cd55ea,67548d8adc0c853401c11a3b,,,,,,,,,,,,,,,,,,,,,,,,,,,,,,,,,,,,,,,,,,,,,,,,,,,,,,,,,,,,,,53,block_2,,,,,,,,,,,,,,,,,,,shape_2,shape_2,shape_2,shape_3,shape_2,1,2,53,,,,,,,,,,,,,,,,,,,,,,,,,,,,,,,,,,,,,,,,,,,,,,,,,,,,,,,,,,,,,,,,,,,,,,,,,,,,,,,,,,,,,,,,,,,,,,,,,,,,,,,,,,,,,,,,,,,,,,,,,,,,,,3192.5948,181,90,3194.0992,3194.0994,3194.3838,left,0,3194.3838,3194.4839,3194.484,3194.8353,space,0.276,,0,185,185,52,1,0.2609,,,,,,,,,,,,,,,,,,,,,,
,,,,,,,,,,,,,,,618522,001,2024-12-07_13h04.07.781,test,2024.1.4,Win32,59.52380952,674841e51ddba29a9dee134e,67546f35f927709209cd55ea,67548d8adc0c853401c11a3b,,,,,,,,,,,,,,,,,,,,,,,,,,,,,,,,,,,,,,,,,,,,,,,,,,,,,,,,,,,,,,233,block_2,,,,,,,,,,,,,,,,,,,shape_3,shape_3,shape_2,shape_2,shape_1,2,2,233,,,,,,,,,,,,,,,,,,,,,,,,,,,,,,,,,,,,,,,,,,,,,,,,,,,,,,,,,,,,,,,,,,,,,,,,,,,,,,,,,,,,,,,,,,,,,,,,,,,,,,,,,,,,,,,,,,,,,,,,,,,,,,3194.8358,182,89,3196.3404,3196.3404,3196.6413,left,1,3196.6414,3196.7416,3196.7416,3197.1264,space,0.2995,,0,186,186,232,1,0.2745,,,,,,,,,,,,,,,,,,,,,,
,,,,,,,,,,,,,,,618522,001,2024-12-07_13h04.07.781,test,2024.1.4,Win32,59.52380952,674841e51ddba29a9dee134e,67546f35f927709209cd55ea,67548d8adc0c853401c11a3b,,,,,,,,,,,,,,,,,,,,,,,,,,,,,,,,,,,,,,,,,,,,,,,,,,,,,,,,,,,,,,79,block_2,,,,,,,,,,,,,,,,,,,shape_2,shape_2,shape_4,shape_3,shape_3,1,1,79,,,,,,,,,,,,,,,,,,,,,,,,,,,,,,,,,,,,,,,,,,,,,,,,,,,,,,,,,,,,,,,,,,,,,,,,,,,,,,,,,,,,,,,,,,,,,,,,,,,,,,,,,,,,,,,,,,,,,,,,,,,,,,3197.127,183,90,3198.6316,3198.6316,3198.8825,right,1,3198.8825,3198.9827,3198.9827,3199.2504,space,0.2473,,0,187,187,78,1,0.2272,,,,,,,,,,,,,,,,,,,,,,
,,,,,,,,,,,,,,,618522,001,2024-12-07_13h04.07.781,test,2024.1.4,Win32,59.52380952,674841e51ddba29a9dee134e,67546f35f927709209cd55ea,67548d8adc0c853401c11a3b,,,,,,,,,,,,,,,,,,,,,,,,,,,,,,,,,,,,,,,,,,,,,,,,,,,,,,,,,,,,,,184,block_2,,,,,,,,,,,,,,,,,,,shape_3,shape_1,shape_2,shape_1,shape_2,2,2,184,,,,,,,,,,,,,,,,,,,,,,,,,,,,,,,,,,,,,,,,,,,,,,,,,,,,,,,,,,,,,,,,,,,,,,,,,,,,,,,,,,,,,,,,,,,,,,,,,,,,,,,,,,,,,,,,,,,,,,,,,,,,,,3199.251,184,91,3200.7553,3200.7555,3201.0398,left,1,3201.0399,3201.1401,3201.1401,3201.4079,space,0.2542,,0,188,188,183,1,0.2597,,,,,,,,,,,,,,,,,,,,,,
,,,,,,,,,,,,,,,618522,001,2024-12-07_13h04.07.781,test,2024.1.4,Win32,59.52380952,674841e51ddba29a9dee134e,67546f35f927709209cd55ea,67548d8adc0c853401c11a3b,,,,,,,,,,,,,,,,,,,,,,,,,,,,,,,,,,,,,,,,,,,,,,,,,,,,,,,,,,,,,,74,block_2,,,,,,,,,,,,,,,,,,,shape_3,shape_2,shape_4,shape_3,shape_2,1,1,74,,,,,,,,,,,,,,,,,,,,,,,,,,,,,,,,,,,,,,,,,,,,,,,,,,,,,,,,,,,,,,,,,,,,,,,,,,,,,,,,,,,,,,,,,,,,,,,,,,,,,,,,,,,,,,,,,,,,,,,,,,,,,,3201.4084,185,92,3202.913,3202.913,3203.1974,right,1,3203.1974,3203.2976,3203.2976,3203.5151,space,0.1993,,0,189,189,73,1,0.2586,,,,,,,,,,,,,,,,,,,,,,
,,,,,,,,,,,,,,,618522,001,2024-12-07_13h04.07.781,test,2024.1.4,Win32,59.52380952,674841e51ddba29a9dee134e,67546f35f927709209cd55ea,67548d8adc0c853401c11a3b,,,,,,,,,,,,,,,,,,,,,,,,,,,,,,,,,,,,,,,,,,,,,,,,,,,,,,,,,,,,,,295,block_2,,,,,,,,,,,,,,,,,,,shape_3,shape_3,shape_2,shape_2,shape_4,2,1,295,,,,,,,,,,,,,,,,,,,,,,,,,,,,,,,,,,,,,,,,,,,,,,,,,,,,,,,,,,,,,,,,,,,,,,,,,,,,,,,,,,,,,,,,,,,,,,,,,,,,,,,,,,,,,,,,,,,,,,,,,,,,,,3203.5155,186,93,3205.02,3205.0201,3205.3044,right,0,3205.3044,3205.4049,3205.405,3205.6893,space,0.188,,0,190,190,294,1,0.262,,,,,,,,,,,,,,,,,,,,,,
,,,,,,,,,,,,,,,618522,001,2024-12-07_13h04.07.781,test,2024.1.4,Win32,59.52380952,674841e51ddba29a9dee134e,67546f35f927709209cd55ea,67548d8adc0c853401c11a3b,,,,,,,,,,,,,,,,,,,,,,,,,,,,,,,,,,,,,,,,,,,,,,,,,,,,,,,,,,,,,,158,block_2,,,,,,,,,,,,,,,,,,,shape_3,shape_1,shape_1,shape_1,shape_2,2,2,158,,,,,,,,,,,,,,,,,,,,,,,,,,,,,,,,,,,,,,,,,,,,,,,,,,,,,,,,,,,,,,,,,,,,,,,,,,,,,,,,,,,,,,,,,,,,,,,,,,,,,,,,,,,,,,,,,,,,,,,,,,,,,,3205.6898,187,92,3207.1941,3207.1942,3207.4785,left,1,3207.4785,3207.5788,3207.5789,3207.8127,space,0.1408,,0,191,191,157,1,0.2601,,,,,,,,,,,,,,,,,,,,,,
,,,,,,,,,,,,,,,618522,001,2024-12-07_13h04.07.781,test,2024.1.4,Win32,59.52380952,674841e51ddba29a9dee134e,67546f35f927709209cd55ea,67548d8adc0c853401c11a3b,,,,,,,,,,,,,,,,,,,,,,,,,,,,,,,,,,,,,,,,,,,,,,,,,,,,,,,,,,,,,,156,block_2,,,,,,,,,,,,,,,,,,,shape_2,shape_1,shape_2,shape_1,shape_1,2,2,156,,,,,,,,,,,,,,,,,,,,,,,,,,,,,,,,,,,,,,,,,,,,,,,,,,,,,,,,,,,,,,,,,,,,,,,,,,,,,,,,,,,,,,,,,,,,,,,,,,,,,,,,,,,,,,,,,,,,,,,,,,,,,,3207.8131,188,93,3209.3013,3209.3014,3209.5356,left,1,3209.5357,3209.636,3209.636,3209.8868,space,0.2336,,0,192,192,155,1,0.2136,,,,,,,,,,,,,,,,,,,,,,
,,,,,,,,,,,,,,,618522,001,2024-12-07_13h04.07.781,test,2024.1.4,Win32,59.52380952,674841e51ddba29a9dee134e,67546f35f927709209cd55ea,67548d8adc0c853401c11a3b,,,,,,,,,,,,,,,,,,,,,,,,,,,,,,,,,,,,,,,,,,,,,,,,,,,,,,,,,,,,,,3,block_2,,,,,,,,,,,,,,,,,,,shape_2,shape_3,shape_1,shape_3,shape_1,1,2,3,,,,,,,,,,,,,,,,,,,,,,,,,,,,,,,,,,,,,,,,,,,,,,,,,,,,,,,,,,,,,,,,,,,,,,,,,,,,,,,,,,,,,,,,,,,,,,,,,,,,,,,,,,,,,,,,,,,,,,,,,,,,,,3209.8873,189,94,3211.3919,3211.392,3211.693,left,0,3211.6932,3211.7934,3211.7934,3212.0107,space,0.1179,,0,193,193,2,1,0.2754,,,,,,,,,,,,,,,,,,,,,,
,,,,,,,,,,,,,,,618522,001,2024-12-07_13h04.07.781,test,2024.1.4,Win32,59.52380952,674841e51ddba29a9dee134e,67546f35f927709209cd55ea,67548d8adc0c853401c11a3b,,,,,,,,,,,,,,,,,,,,,,,,,,,,,,,,,,,,,,,,,,,,,,,,,,,,,,,,,,,,,,49,block_2,,,,,,,,,,,,,,,,,,,shape_3,shape_3,shape_4,shape_1,shape_4,1,1,49,,,,,,,,,,,,,,,,,,,,,,,,,,,,,,,,,,,,,,,,,,,,,,,,,,,,,,,,,,,,,,,,,,,,,,,,,,,,,,,,,,,,,,,,,,,,,,,,,,,,,,,,,,,,,,,,,,,,,,,,,,,,,,3212.0112,190,93,3213.5159,3213.5159,3213.633,right,1,3213.6331,3213.7333,3213.7334,3214.0512,space,0.2295,,0,194,194,48,1,0.0932,,,,,,,,,,,,,,,,,,,,,,
,,,,,,,,,,,,,,,618522,001,2024-12-07_13h04.07.781,test,2024.1.4,Win32,59.52380952,674841e51ddba29a9dee134e,67546f35f927709209cd55ea,67548d8adc0c853401c11a3b,,,,,,,,,,,,,,,,,,,,,,,,,,,,,,,,,,,,,,,,,,,,,,,,,,,,,,,,,,,,,,173,block_2,,,,,,,,,,,,,,,,,,,shape_1,shape_2,shape_2,shape_2,shape_1,2,2,173,,,,,,,,,,,,,,,,,,,,,,,,,,,,,,,,,,,,,,,,,,,,,,,,,,,,,,,,,,,,,,,,,,,,,,,,,,,,,,,,,,,,,,,,,,,,,,,,,,,,,,,,,,,,,,,,,,,,,,,,,,,,,,3214.0517,191,94,3215.5563,3215.5563,3215.7906,right,0,3215.7906,3215.8909,3215.8909,3216.1922,space,0.2199,,0,195,195,172,1,0.2086,,,,,,,,,,,,,,,,,,,,,,
,,,,,,,,,,,,,,,618522,001,2024-12-07_13h04.07.781,test,2024.1.4,Win32,59.52380952,674841e51ddba29a9dee134e,67546f35f927709209cd55ea,67548d8adc0c853401c11a3b,,,,,,,,,,,,,,,,,,,,,,,,,,,,,,,,,,,,,,,,,,,,,,,,,,,,,,,,,,,,,,157,block_2,,,,,,,,,,,,,,,,,,,shape_1,shape_1,shape_1,shape_2,shape_3,2,2,157,,,,,,,,,,,,,,,,,,,,,,,,,,,,,,,,,,,,,,,,,,,,,,,,,,,,,,,,,,,,,,,,,,,,,,,,,,,,,,,,,,,,,,,,,,,,,,,,,,,,,,,,,,,,,,,,,,,,,,,,,,,,,,3216.1926,192,93,3217.6971,3217.6971,3217.814,left,1,3217.8141,3217.9142,3217.9142,3218.2155,space,0.2235,,0,196,196,156,1,0.0928,,,,,,,,,,,,,,,,,,,,,,
,,,,,,,,,,,,,,,618522,001,2024-12-07_13h04.07.781,test,2024.1.4,Win32,59.52380952,674841e51ddba29a9dee134e,67546f35f927709209cd55ea,67548d8adc0c853401c11a3b,,,,,,,,,,,,,,,,,,,,,,,,,,,,,,,,,,,,,,,,,,,,,,,,,,,,,,,,,,,,,,18,block_2,,,,,,,,,,,,,,,,,,,shape_2,shape_1,shape_3,shape_4,shape_2,1,2,18,,,,,,,,,,,,,,,,,,,,,,,,,,,,,,,,,,,,,,,,,,,,,,,,,,,,,,,,,,,,,,,,,,,,,,,,,,,,,,,,,,,,,,,,,,,,,,,,,,,,,,,,,,,,,,,,,,,,,,,,,,,,,,3218.2159,193,94,3219.7206,3219.7206,3220.0552,left,0,3220.0554,3220.1553,3220.1554,3220.3739,space,0.1382,,0,197,197,17,1,0.3097,,,,,,,,,,,,,,,,,,,,,,
,,,,,,,,,,,,,,,618522,001,2024-12-07_13h04.07.781,test,2024.1.4,Win32,59.52380952,674841e51ddba29a9dee134e,67546f35f927709209cd55ea,67548d8adc0c853401c11a3b,,,,,,,,,,,,,,,,,,,,,,,,,,,,,,,,,,,,,,,,,,,,,,,,,,,,,,,,,,,,,,262,block_2,,,,,,,,,,,,,,,,,,,shape_2,shape_4,shape_4,shape_1,shape_3,2,1,262,,,,,,,,,,,,,,,,,,,,,,,,,,,,,,,,,,,,,,,,,,,,,,,,,,,,,,,,,,,,,,,,,,,,,,,,,,,,,,,,,,,,,,,,,,,,,,,,,,,,,,,,,,,,,,,,,,,,,,,,,,,,,,3220.3744,194,93,3221.8779,3221.8779,3222.1456,right,0,3222.1458,3222.2459,3222.2459,3222.413,space,0.1485,,0,198,198,261,1,0.2425,,,,,,,,,,,,,,,,,,,,,,
,,,,,,,,,,,,,,,618522,001,2024-12-07_13h04.07.781,test,2024.1.4,Win32,59.52380952,674841e51ddba29a9dee134e,67546f35f927709209cd55ea,67548d8adc0c853401c11a3b,,,,,,,,,,,,,,,,,,,,,,,,,,,,,,,,,,,,,,,,,,,,,,,,,,,,,,,,,,,,,,150,block_2,,,,,,,,,,,,,,,,,,,shape_4,shape_3,shape_4,shape_4,shape_4,1,1,150,,,,,,,,,,,,,,,,,,,,,,,,,,,,,,,,,,,,,,,,,,,,,,,,,,,,,,,,,,,,,,,,,,,,,,,,,,,,,,,,,,,,,,,,,,,,,,,,,,,,,,,,,,,,,,,,,,,,,,,,,,,,,,3222.4136,195,92,3223.9182,3223.9182,3224.0188,right,1,3224.0188,3224.1188,3224.1188,3224.4701,space,0.2764,,0,199,199,149,1,0.0753,,,,,,,,,,,,,,,,,,,,,,
,,,,,,,,,,,,,,,618522,001,2024-12-07_13h04.07.781,test,2024.1.4,Win32,59.52380952,674841e51ddba29a9dee134e,67546f35f927709209cd55ea,67548d8adc0c853401c11a3b,,,,,,,,,,,,,,,,,,,,,,,,,,,,,,,,,,,,,,,,,,,,,,,,,,,,,,,,,,,,,,178,block_2,,,,,,,,,,,,,,,,,,,shape_2,shape_1,shape_2,shape_1,shape_3,2,2,178,,,,,,,,,,,,,,,,,,,,,,,,,,,,,,,,,,,,,,,,,,,,,,,,,,,,,,,,,,,,,,,,,,,,,,,,,,,,,,,,,,,,,,,,,,,,,,,,,,,,,,,,,,,,,,,,,,,,,,,,,,,,,,3224.4706,196,93,3225.9586,3225.9586,3226.2431,left,1,3226.2431,3226.3433,3226.3433,3226.5439,space,0.1839,,0,200,200,177,1,0.259,,,,,,,,,,,,,,,,,,,,,,
,,,,,,,,,,,,,,,618522,001,2024-12-07_13h04.07.781,test,2024.1.4,Win32,59.52380952,674841e51ddba29a9dee134e,67546f35f927709209cd55ea,67548d8adc0c853401c11a3b,,,,,,,,,,,,,,,,,,,,,,,,,,,,,,,,,,,,,,,,,,,,,,,,,,,,,,,,,,,,,,105,block_2,,,,,,,,,,,,,,,,,,,shape_3,shape_3,shape_2,shape_3,shape_4,1,1,105,,,,,,,,,,,,,,,,,,,,,,,,,,,,,,,,,,,,,,,,,,,,,,,,,,,,,,,,,,,,,,,,,,,,,,,,,,,,,,,,,,,,,,,,,,,,,,,,,,,,,,,,,,,,,,,,,,,,,,,,,,,,,,3226.5444,197,94,3228.0491,3228.0492,3228.1497,right,1,3228.1498,3228.2498,3228.2498,3228.4505,space,0.1807,,0,201,201,104,1,0.0789,,,,,,,,,,,,,,,,,,,,,,
,,,,,,,,,,,,,,,618522,001,2024-12-07_13h04.07.781,test,2024.1.4,Win32,59.52380952,674841e51ddba29a9dee134e,67546f35f927709209cd55ea,67548d8adc0c853401c11a3b,,,,,,,,,,,,,,,,,,,,,,,,,,,,,,,,,,,,,,,,,,,,,,,,,,,,,,,,,,,,,,235,block_2,,,,,,,,,,,,,,,,,,,shape_2,shape_3,shape_2,shape_1,shape_3,2,2,235,,,,,,,,,,,,,,,,,,,,,,,,,,,,,,,,,,,,,,,,,,,,,,,,,,,,,,,,,,,,,,,,,,,,,,,,,,,,,,,,,,,,,,,,,,,,,,,,,,,,,,,,,,,,,,,,,,,,,,,,,,,,,,3228.451,198,95,3229.9556,3229.9556,3230.1567,left,1,3230.1568,3230.2564,3230.2565,3230.4239,space,0.1496,,0,202,202,234,1,0.1866,,,,,,,,,,,,,,,,,,,,,,
,,,,,,,,,,,,,,,618522,001,2024-12-07_13h04.07.781,test,2024.1.4,Win32,59.52380952,674841e51ddba29a9dee134e,67546f35f927709209cd55ea,67548d8adc0c853401c11a3b,,,,,,,,,,,,,,,,,,,,,,,,,,,,,,,,,,,,,,,,,,,,,,,,,,,,,,,,,,,,,,187,block_2,,,,,,,,,,,,,,,,,,,shape_2,shape_1,shape_1,shape_2,shape_4,2,2,187,,,,,,,,,,,,,,,,,,,,,,,,,,,,,,,,,,,,,,,,,,,,,,,,,,,,,,,,,,,,,,,,,,,,,,,,,,,,,,,,,,,,,,,,,,,,,,,,,,,,,,,,,,,,,,,,,,,,,,,,,,,,,,3230.4244,199,96,3231.929,3231.9292,3232.0291,left,1,3232.0292,3232.1298,3232.1298,3232.3473,space,0.1954,,0,203,203,186,1,0.081,,,,,,,,,,,,,,,,,,,,,,
,,,,,,,,,,,,,,,618522,001,2024-12-07_13h04.07.781,test,2024.1.4,Win32,59.52380952,674841e51ddba29a9dee134e,67546f35f927709209cd55ea,67548d8adc0c853401c11a3b,,,,,,,,,,,,,,,,,,,,,,,,,,,,,,,,,,,,,,,,,,,,,,,,,,,,,,,,,,,,,,34,block_2,,,,,,,,,,,,,,,,,,,shape_4,shape_3,shape_1,shape_2,shape_3,1,1,34,,,,,,,,,,,,,,,,,,,,,,,,,,,,,,,,,,,,,,,,,,,,,,,,,,,,,,,,,,,,,,,,,,,,,,,,,,,,,,,,,,,,,,,,,,,,,,,,,,,,,,,,,,,,,,,,,,,,,,,,,,,,,,3232.3478,200,97,3233.8521,3233.8523,3234.0865,right,1,3234.0866,3234.1869,3234.1869,3234.3542,space,0.1507,,0,204,204,33,1,0.2113,,,,,,,,,,,,,,,,,,,,,,
,,,,,,,,,,,,,,,618522,001,2024-12-07_13h04.07.781,test,2024.1.4,Win32,59.52380952,674841e51ddba29a9dee134e,67546f35f927709209cd55ea,67548d8adc0c853401c11a3b,,,,,,,,,,,,,,,,,,,,,,,,,,,,,,,,,,,,,,,,,,,,,,,,,,,,,,,,,,,,,,227,block_2,,,,,,,,,,,,,,,,,,,shape_2,shape_2,shape_1,shape_4,shape_2,2,2,227,,,,,,,,,,,,,,,,,,,,,,,,,,,,,,,,,,,,,,,,,,,,,,,,,,,,,,,,,,,,,,,,,,,,,,,,,,,,,,,,,,,,,,,,,,,,,,,,,,,,,,,,,,,,,,,,,,,,,,,,,,,,,,3234.3546,201,98,3235.8427,3235.8427,3236.0935,left,1,3236.0935,3236.1938,3236.1938,3236.3777,space,0.1671,,0,205,205,226,1,0.2279,,,,,,,,,,,,,,,,,,,,,,
,,,,,,,,,,,,,,,618522,001,2024-12-07_13h04.07.781,test,2024.1.4,Win32,59.52380952,674841e51ddba29a9dee134e,67546f35f927709209cd55ea,67548d8adc0c853401c11a3b,,,,,,,,,,,,,,,,,,,,,,,,,,,,,,,,,,,,,,,,,,,,,,,,,,,,,,,,,,,,,,169,block_2,,,,,,,,,,,,,,,,,,,shape_1,shape_2,shape_2,shape_1,shape_2,2,2,169,,,,,,,,,,,,,,,,,,,,,,,,,,,,,,,,,,,,,,,,,,,,,,,,,,,,,,,,,,,,,,,,,,,,,,,,,,,,,,,,,,,,,,,,,,,,,,,,,,,,,,,,,,,,,,,,,,,,,,,,,,,,,,3236.3783,202,99,3237.8828,3237.8828,3238.0832,left,1,3238.0832,3238.1837,3238.1837,3238.3509,space,0.1571,,0,206,206,168,1,0.1812,,,,,,,,,,,,,,,,,,,,,,
,,,,,,,,,,,,,,,618522,001,2024-12-07_13h04.07.781,test,2024.1.4,Win32,59.52380952,674841e51ddba29a9dee134e,67546f35f927709209cd55ea,67548d8adc0c853401c11a3b,,,,,,,,,,,,,,,,,,,,,,,,,,,,,,,,,,,,,,,,,,,,,,,,,,,,,,,,,,,,,,23,block_2,,,,,,,,,,,,,,,,,,,shape_1,shape_3,shape_3,shape_2,shape_3,1,2,23,,,,,,,,,,,,,,,,,,,,,,,,,,,,,,,,,,,,,,,,,,,,,,,,,,,,,,,,,,,,,,,,,,,,,,,,,,,,,,,,,,,,,,,,,,,,,,,,,,,,,,,,,,,,,,,,,,,,,,,,,,,,,,3238.3512,203,100,3239.8396,3239.8397,3240.0736,right,1,3240.0736,3240.1741,3240.1741,3240.4583,space,0.264,,0,207,207,22,1,0.2154,,,,,,,,,,,,,,,,,,,,,,
,,,,,,,,,,,,,,,618522,001,2024-12-07_13h04.07.781,test,2024.1.4,Win32,59.52380952,674841e51ddba29a9dee134e,67546f35f927709209cd55ea,67548d8adc0c853401c11a3b,,,,,,,,,,,,,,,,,,,,,,,,,,,,,,,,,,,,,,,,,,,,,,,,,,,,,,,,,,,,,,122,block_2,,,,,,,,,,,,,,,,,,,shape_3,shape_2,shape_4,shape_3,shape_4,1,1,122,,,,,,,,,,,,,,,,,,,,,,,,,,,,,,,,,,,,,,,,,,,,,,,,,,,,,,,,,,,,,,,,,,,,,,,,,,,,,,,,,,,,,,,,,,,,,,,,,,,,,,,,,,,,,,,,,,,,,,,,,,,,,,3240.4588,204,101,3241.9634,3241.9634,3241.9969,right,1,3241.9969,3242.0972,3242.0972,3242.4819,space,0.3668,,0,208,208,121,1,0.0191,,,,,,,,,,,,,,,,,,,,,,
,,,,,,,,,,,,,,,618522,001,2024-12-07_13h04.07.781,test,2024.1.4,Win32,59.52380952,674841e51ddba29a9dee134e,67546f35f927709209cd55ea,67548d8adc0c853401c11a3b,,,,,,,,,,,,,,,,,,,,,,,,,,,,,,,,,,,,,,,,,,,,,,,,,,,,,,,,,,,,,,159,block_2,,,,,,,,,,,,,,,,,,,shape_3,shape_2,shape_1,shape_1,shape_1,2,2,159,,,,,,,,,,,,,,,,,,,,,,,,,,,,,,,,,,,,,,,,,,,,,,,,,,,,,,,,,,,,,,,,,,,,,,,,,,,,,,,,,,,,,,,,,,,,,,,,,,,,,,,,,,,,,,,,,,,,,,,,,,,,,,3242.4825,205,102,3243.9871,3243.9871,3244.2884,left,1,3244.2884,3244.3885,3244.3886,3244.7064,space,0.2976,,0,209,209,158,1,0.2838,,,,,,,,,,,,,,,,,,,,,,
,,,,,,,,,,,,,,,618522,001,2024-12-07_13h04.07.781,test,2024.1.4,Win32,59.52380952,674841e51ddba29a9dee134e,67546f35f927709209cd55ea,67548d8adc0c853401c11a3b,,,,,,,,,,,,,,,,,,,,,,,,,,,,,,,,,,,,,,,,,,,,,,,,,,,,,,,,,,,,,,254,block_2,,,,,,,,,,,,,,,,,,,shape_1,shape_2,shape_3,shape_3,shape_3,2,2,254,,,,,,,,,,,,,,,,,,,,,,,,,,,,,,,,,,,,,,,,,,,,,,,,,,,,,,,,,,,,,,,,,,,,,,,,,,,,,,,,,,,,,,,,,,,,,,,,,,,,,,,,,,,,,,,,,,,,,,,,,,,,,,3244.7068,206,103,3246.2115,3246.2115,3246.5628,left,1,3246.5628,3246.6628,3246.6629,3246.847,space,0.1639,,0,210,210,253,1,0.3273,,,,,,,,,,,,,,,,,,,,,,
,,,,,,,,,,,,,,,618522,001,2024-12-07_13h04.07.781,test,2024.1.4,Win32,59.52380952,674841e51ddba29a9dee134e,67546f35f927709209cd55ea,67548d8adc0c853401c11a3b,,,,,,,,,,,,,,,,,,,,,,,,,,,,,,,,,,,,,,,,,,,,,,,,,,,,,,,,,,,,,,240,block_2,,,,,,,,,,,,,,,,,,,shape_2,shape_3,shape_2,shape_1,shape_3,2,2,240,,,,,,,,,,,,,,,,,,,,,,,,,,,,,,,,,,,,,,,,,,,,,,,,,,,,,,,,,,,,,,,,,,,,,,,,,,,,,,,,,,,,,,,,,,,,,,,,,,,,,,,,,,,,,,,,,,,,,,,,,,,,,,3246.8476,207,104,3248.3519,3248.352,3248.7701,left,1,3248.7702,3248.8704,3248.8705,3249.0211,space,0.1363,,0,211,211,239,1,0.4005,,,,,,,,,,,,,,,,,,,,,,
,,,,,,,,,,,,,,,618522,001,2024-12-07_13h04.07.781,test,2024.1.4,Win32,59.52380952,674841e51ddba29a9dee134e,67546f35f927709209cd55ea,67548d8adc0c853401c11a3b,,,,,,,,,,,,,,,,,,,,,,,,,,,,,,,,,,,,,,,,,,,,,,,,,,,,,,,,,,,,,,33,block_2,,,,,,,,,,,,,,,,,,,shape_4,shape_3,shape_3,shape_1,shape_2,1,1,33,,,,,,,,,,,,,,,,,,,,,,,,,,,,,,,,,,,,,,,,,,,,,,,,,,,,,,,,,,,,,,,,,,,,,,,,,,,,,,,,,,,,,,,,,,,,,,,,,,,,,,,,,,,,,,,,,,,,,,,,,,,,,,3249.0216,208,105,3250.5261,3250.5262,3250.844,right,1,3250.844,3250.9442,3250.9442,3251.1618,space,0.2,,0,212,212,32,1,0.2928,,,,,,,,,,,,,,,,,,,,,,
,,,,,,,,,,,,,,,618522,001,2024-12-07_13h04.07.781,test,2024.1.4,Win32,59.52380952,674841e51ddba29a9dee134e,67546f35f927709209cd55ea,67548d8adc0c853401c11a3b,,,,,,,,,,,,,,,,,,,,,,,,,,,,,,,,,,,,,,,,,,,,,,,,,,,,,,,,,,,,,,65,block_2,,,,,,,,,,,,,,,,,,,shape_2,shape_2,shape_4,shape_2,shape_4,1,1,65,,,,,,,,,,,,,,,,,,,,,,,,,,,,,,,,,,,,,,,,,,,,,,,,,,,,,,,,,,,,,,,,,,,,,,,,,,,,,,,,,,,,,,,,,,,,,,,,,,,,,,,,,,,,,,,,,,,,,,,,,,,,,,3251.1623,209,106,3252.6667,3252.6668,3252.9514,right,1,3252.9514,3253.0516,3253.0516,3253.1854,space,0.1125,,0,213,213,64,1,0.2599,,,,,,,,,,,,,,,,,,,,,,
,,,,,,,,,,,,,,,618522,001,2024-12-07_13h04.07.781,test,2024.1.4,Win32,59.52380952,674841e51ddba29a9dee134e,67546f35f927709209cd55ea,67548d8adc0c853401c11a3b,,,,,,,,,,,,,,,,,,,,,,,,,,,,,,,,,,,,,,,,,,,,,,,,,,,,,,,,,,,,,,124,block_2,,,,,,,,,,,,,,,,,,,shape_4,shape_2,shape_3,shape_3,shape_4,1,1,124,,,,,,,,,,,,,,,,,,,,,,,,,,,,,,,,,,,,,,,,,,,,,,,,,,,,,,,,,,,,,,,,,,,,,,,,,,,,,,,,,,,,,,,,,,,,,,,,,,,,,,,,,,,,,,,,,,,,,,,,,,,,,,3253.186,210,107,3254.6742,3254.6742,3254.8915,right,1,3254.8916,3254.9913,3254.9914,3255.259,space,0.2479,,0,214,214,123,1,0.1921,,,,,,,,,,,,,,,,,,,,,,
,,,,,,,,,,,,,,,618522,001,2024-12-07_13h04.07.781,test,2024.1.4,Win32,59.52380952,674841e51ddba29a9dee134e,67546f35f927709209cd55ea,67548d8adc0c853401c11a3b,,,,,,,,,,,,,,,,,,,,,,,,,,,,,,,,,,,,,,,,,,,,,,,,,,,,,,,,,,,,,,206,block_2,,,,,,,,,,,,,,,,,,,shape_1,shape_4,shape_3,shape_3,shape_1,2,2,206,,,,,,,,,,,,,,,,,,,,,,,,,,,,,,,,,,,,,,,,,,,,,,,,,,,,,,,,,,,,,,,,,,,,,,,,,,,,,,,,,,,,,,,,,,,,,,,,,,,,,,,,,,,,,,,,,,,,,,,,,,,,,,3255.2597,211,108,3256.7641,3256.7642,3257.0995,left,1,3257.0995,3257.1991,3257.1992,3257.3162,space,0.101,,0,215,215,205,1,0.3186,,,,,,,,,,,,,,,,,,,,,,
,,,,,,,,,,,,,,,618522,001,2024-12-07_13h04.07.781,test,2024.1.4,Win32,59.52380952,674841e51ddba29a9dee134e,67546f35f927709209cd55ea,67548d8adc0c853401c11a3b,,,,,,,,,,,,,,,,,,,,,,,,,,,,,,,,,,,,,,,,,,,,,,,,,,,,,,,,,,,,,,32,block_2,,,,,,,,,,,,,,,,,,,shape_2,shape_1,shape_3,shape_4,shape_3,1,1,32,,,,,,,,,,,,,,,,,,,,,,,,,,,,,,,,,,,,,,,,,,,,,,,,,,,,,,,,,,,,,,,,,,,,,,,,,,,,,,,,,,,,,,,,,,,,,,,,,,,,,,,,,,,,,,,,,,,,,,,,,,,,,,3257.3167,212,109,3258.8213,3258.8213,3259.0891,left,0,3259.0892,3259.1891,3259.1891,3259.323,space,0.0434,,0,216,216,31,1,0.2425,,,,,,,,,,,,,,,,,,,,,,
,,,,,,,,,,,,,,,618522,001,2024-12-07_13h04.07.781,test,2024.1.4,Win32,59.52380952,674841e51ddba29a9dee134e,67546f35f927709209cd55ea,67548d8adc0c853401c11a3b,,,,,,,,,,,,,,,,,,,,,,,,,,,,,,,,,,,,,,,,,,,,,,,,,,,,,,,,,,,,,,185,block_2,,,,,,,,,,,,,,,,,,,shape_1,shape_3,shape_2,shape_1,shape_2,2,2,185,,,,,,,,,,,,,,,,,,,,,,,,,,,,,,,,,,,,,,,,,,,,,,,,,,,,,,,,,,,,,,,,,,,,,,,,,,,,,,,,,,,,,,,,,,,,,,,,,,,,,,,,,,,,,,,,,,,,,,,,,,,,,,3259.3233,213,108,3260.8114,3260.8115,3261.079,left,1,3261.0791,3261.1793,3261.1794,3261.3468,space,0.0703,,0,217,217,184,1,0.2487,,,,,,,,,,,,,,,,,,,,,,
,,,,,,,,,,,,,,,618522,001,2024-12-07_13h04.07.781,test,2024.1.4,Win32,59.52380952,674841e51ddba29a9dee134e,67546f35f927709209cd55ea,67548d8adc0c853401c11a3b,,,,,,,,,,,,,,,,,,,,,,,,,,,,,,,,,,,,,,,,,,,,,,,,,,,,,,,,,,,,,,228,block_2,,,,,,,,,,,,,,,,,,,shape_1,shape_4,shape_2,shape_2,shape_2,2,2,228,,,,,,,,,,,,,,,,,,,,,,,,,,,,,,,,,,,,,,,,,,,,,,,,,,,,,,,,,,,,,,,,,,,,,,,,,,,,,,,,,,,,,,,,,,,,,,,,,,,,,,,,,,,,,,,,,,,,,,,,,,,,,,3261.3473,214,109,3262.8517,3262.8519,3263.0861,left,1,3263.0862,3263.1863,3263.1864,3263.3871,space,0.1817,,0,218,218,227,1,0.2136,,,,,,,,,,,,,,,,,,,,,,
,,,,,,,,,,,,,,,618522,001,2024-12-07_13h04.07.781,test,2024.1.4,Win32,59.52380952,674841e51ddba29a9dee134e,67546f35f927709209cd55ea,67548d8adc0c853401c11a3b,,,,,,,,,,,,,,,,,,,,,,,,,,,,,,,,,,,,,,,,,,,,,,,,,,,,,,,,,,,,,,297,block_2,,,,,,,,,,,,,,,,,,,shape_3,shape_2,shape_3,shape_3,shape_3,2,1,297,,,,,,,,,,,,,,,,,,,,,,,,,,,,,,,,,,,,,,,,,,,,,,,,,,,,,,,,,,,,,,,,,,,,,,,,,,,,,,,,,,,,,,,,,,,,,,,,,,,,,,,,,,,,,,,,,,,,,,,,,,,,,,3263.3876,215,110,3264.8919,3264.892,3265.1265,right,0,3265.1265,3265.2266,3265.2266,3265.4274,space,0.11,,0,219,219,296,1,0.2145,,,,,,,,,,,,,,,,,,,,,,
,,,,,,,,,,,,,,,618522,001,2024-12-07_13h04.07.781,test,2024.1.4,Win32,59.52380952,674841e51ddba29a9dee134e,67546f35f927709209cd55ea,67548d8adc0c853401c11a3b,,,,,,,,,,,,,,,,,,,,,,,,,,,,,,,,,,,,,,,,,,,,,,,,,,,,,,,,,,,,,,116,block_2,,,,,,,,,,,,,,,,,,,shape_4,shape_4,shape_3,shape_3,shape_2,1,1,116,,,,,,,,,,,,,,,,,,,,,,,,,,,,,,,,,,,,,,,,,,,,,,,,,,,,,,,,,,,,,,,,,,,,,,,,,,,,,,,,,,,,,,,,,,,,,,,,,,,,,,,,,,,,,,,,,,,,,,,,,,,,,,3265.4278,216,109,3266.9324,3266.9325,3267.2164,right,1,3267.2165,3267.3172,3267.3173,3267.5011,space,0.0953,,0,220,220,115,1,0.2593,,,,,,,,,,,,,,,,,,,,,,
,,,,,,,,,,,,,,,618522,001,2024-12-07_13h04.07.781,test,2024.1.4,Win32,59.52380952,674841e51ddba29a9dee134e,67546f35f927709209cd55ea,67548d8adc0c853401c11a3b,,,,,,,,,,,,,,,,,,,,,,,,,,,,,,,,,,,,,,,,,,,,,,,,,,,,,,,,,,,,,,242,block_2,,,,,,,,,,,,,,,,,,,shape_2,shape_2,shape_3,shape_1,shape_3,2,2,242,,,,,,,,,,,,,,,,,,,,,,,,,,,,,,,,,,,,,,,,,,,,,,,,,,,,,,,,,,,,,,,,,,,,,,,,,,,,,,,,,,,,,,,,,,,,,,,,,,,,,,,,,,,,,,,,,,,,,,,,,,,,,,3267.5016,217,110,3268.9896,3268.9897,3269.2239,left,1,3269.2239,3269.3242,3269.3242,3269.4746,space,0.1342,,0,221,221,241,1,0.209,,,,,,,,,,,,,,,,,,,,,,
,,,,,,,,,,,,,,,618522,001,2024-12-07_13h04.07.781,test,2024.1.4,Win32,59.52380952,674841e51ddba29a9dee134e,67546f35f927709209cd55ea,67548d8adc0c853401c11a3b,,,,,,,,,,,,,,,,,,,,,,,,,,,,,,,,,,,,,,,,,,,,,,,,,,,,,,,,,,,,,,263,block_2,,,,,,,,,,,,,,,,,,,shape_4,shape_4,shape_3,shape_1,shape_2,2,1,263,,,,,,,,,,,,,,,,,,,,,,,,,,,,,,,,,,,,,,,,,,,,,,,,,,,,,,,,,,,,,,,,,,,,,,,,,,,,,,,,,,,,,,,,,,,,,,,,,,,,,,,,,,,,,,,,,,,,,,,,,,,,,,3269.475,218,111,3270.9795,3270.9796,3271.2807,right,0,3271.2807,3271.381,3271.3811,3271.515,space,0.0394,,0,222,222,262,1,0.2809,,,,,,,,,,,,,,,,,,,,,,
,,,,,,,,,,,,,,,618522,001,2024-12-07_13h04.07.781,test,2024.1.4,Win32,59.52380952,674841e51ddba29a9dee134e,67546f35f927709209cd55ea,67548d8adc0c853401c11a3b,,,,,,,,,,,,,,,,,,,,,,,,,,,,,,,,,,,,,,,,,,,,,,,,,,,,,,,,,,,,,,298,block_2,,,,,,,,,,,,,,,,,,,shape_3,shape_4,shape_3,shape_3,shape_2,2,1,298,,,,,,,,,,,,,,,,,,,,,,,,,,,,,,,,,,,,,,,,,,,,,,,,,,,,,,,,,,,,,,,,,,,,,,,,,,,,,,,,,,,,,,,,,,,,,,,,,,,,,,,,,,,,,,,,,,,,,,,,,,,,,,3271.5155,219,110,3273.0201,3273.0201,3273.3375,right,0,3273.3376,3273.4382,3273.4382,3273.7059,space,0.2546,,0,223,223,297,1,0.2968,,,,,,,,,,,,,,,,,,,,,,
,,,,,,,,,,,,,,,618522,001,2024-12-07_13h04.07.781,test,2024.1.4,Win32,59.52380952,674841e51ddba29a9dee134e,67546f35f927709209cd55ea,67548d8adc0c853401c11a3b,,,,,,,,,,,,,,,,,,,,,,,,,,,,,,,,,,,,,,,,,,,,,,,,,,,,,,,,,,,,,,61,block_2,,,,,,,,,,,,,,,,,,,shape_4,shape_2,shape_3,shape_2,shape_2,1,1,61,,,,,,,,,,,,,,,,,,,,,,,,,,,,,,,,,,,,,,,,,,,,,,,,,,,,,,,,,,,,,,,,,,,,,,,,,,,,,,,,,,,,,,,,,,,,,,,,,,,,,,,,,,,,,,,,,,,,,,,,,,,,,,3273.7064,220,109,3275.2109,3275.211,3275.4952,right,1,3275.4953,3275.5955,3275.5956,3275.8966,space,0.2169,,0,224,224,60,1,0.2658,,,,,,,,,,,,,,,,,,,,,,
,,,,,,,,,,,,,,,618522,001,2024-12-07_13h04.07.781,test,2024.1.4,Win32,59.52380952,674841e51ddba29a9dee134e,67546f35f927709209cd55ea,67548d8adc0c853401c11a3b,,,,,,,,,,,,,,,,,,,,,,,,,,,,,,,,,,,,,,,,,,,,,,,,,,,,,,,,,,,,,,287,block_2,,,,,,,,,,,,,,,,,,,shape_4,shape_4,shape_2,shape_2,shape_2,2,1,287,,,,,,,,,,,,,,,,,,,,,,,,,,,,,,,,,,,,,,,,,,,,,,,,,,,,,,,,,,,,,,,,,,,,,,,,,,,,,,,,,,,,,,,,,,,,,,,,,,,,,,,,,,,,,,,,,,,,,,,,,,,,,,3275.8971,221,110,3277.3854,3277.3855,3277.4855,left,1,3277.4856,3277.5857,3277.5858,3277.8709,space,0.2733,,0,225,225,286,1,0.0725,,,,,,,,,,,,,,,,,,,,,,
,,,,,,,,,,,,,,,618522,001,2024-12-07_13h04.07.781,test,2024.1.4,Win32,59.52380952,674841e51ddba29a9dee134e,67546f35f927709209cd55ea,67548d8adc0c853401c11a3b,,,,,,,,,,,,,,,,,,,,,,,,,,,,,,,,,,,,,,,,,,,,,,,,,,,,,,,,,,,,,,139,block_2,,,,,,,,,,,,,,,,,,,shape_4,shape_3,shape_3,shape_3,shape_4,1,1,139,,,,,,,,,,,,,,,,,,,,,,,,,,,,,,,,,,,,,,,,,,,,,,,,,,,,,,,,,,,,,,,,,,,,,,,,,,,,,,,,,,,,,,,,,,,,,,,,,,,,,,,,,,,,,,,,,,,,,,,,,,,,,,3277.8714,222,111,3279.3753,3279.3753,3279.6598,right,1,3279.6598,3279.7595,3279.7596,3280.0271,space,0.2525,,0,226,226,138,1,0.2616,,,,,,,,,,,,,,,,,,,,,,
,,,,,,,,,,,,,,,618522,001,2024-12-07_13h04.07.781,test,2024.1.4,Win32,59.52380952,674841e51ddba29a9dee134e,67546f35f927709209cd55ea,67548d8adc0c853401c11a3b,,,,,,,,,,,,,,,,,,,,,,,,,,,,,,,,,,,,,,,,,,,,,,,,,,,,,,,,,,,,,,284,block_2,,,,,,,,,,,,,,,,,,,shape_2,shape_2,shape_2,shape_3,shape_4,2,1,284,,,,,,,,,,,,,,,,,,,,,,,,,,,,,,,,,,,,,,,,,,,,,,,,,,,,,,,,,,,,,,,,,,,,,,,,,,,,,,,,,,,,,,,,,,,,,,,,,,,,,,,,,,,,,,,,,,,,,,,,,,,,,,3280.0275,223,112,3281.5157,3281.5159,3281.7167,right,0,3281.7168,3281.8169,3281.817,3282.0679,space,0.1546,,0,227,227,283,1,0.1781,,,,,,,,,,,,,,,,,,,,,,
,,,,,,,,,,,,,,,618522,001,2024-12-07_13h04.07.781,test,2024.1.4,Win32,59.52380952,674841e51ddba29a9dee134e,67546f35f927709209cd55ea,67548d8adc0c853401c11a3b,,,,,,,,,,,,,,,,,,,,,,,,,,,,,,,,,,,,,,,,,,,,,,,,,,,,,,,,,,,,,,129,block_2,,,,,,,,,,,,,,,,,,,shape_4,shape_4,shape_2,shape_4,shape_3,1,1,129,,,,,,,,,,,,,,,,,,,,,,,,,,,,,,,,,,,,,,,,,,,,,,,,,,,,,,,,,,,,,,,,,,,,,,,,,,,,,,,,,,,,,,,,,,,,,,,,,,,,,,,,,,,,,,,,,,,,,,,,,,,,,,3282.0684,224,111,3283.5729,3283.573,3283.8572,right,1,3283.8573,3283.9575,3283.9575,3284.2587,space,0.2156,,0,228,228,128,1,0.2606,,,,,,,,,,,,,,,,,,,,,,
,,,,,,,,,,,,,,,618522,001,2024-12-07_13h04.07.781,test,2024.1.4,Win32,59.52380952,674841e51ddba29a9dee134e,67546f35f927709209cd55ea,67548d8adc0c853401c11a3b,,,,,,,,,,,,,,,,,,,,,,,,,,,,,,,,,,,,,,,,,,,,,,,,,,,,,,,,,,,,,,37,block_2,,,,,,,,,,,,,,,,,,,shape_1,shape_3,shape_4,shape_2,shape_4,1,1,37,,,,,,,,,,,,,,,,,,,,,,,,,,,,,,,,,,,,,,,,,,,,,,,,,,,,,,,,,,,,,,,,,,,,,,,,,,,,,,,,,,,,,,,,,,,,,,,,,,,,,,,,,,,,,,,,,,,,,,,,,,,,,,3284.2592,225,112,3285.7637,3285.7638,3285.9979,right,1,3285.998,3286.0982,3286.0982,3286.3658,space,0.2473,,0,229,229,36,1,0.2131,,,,,,,,,,,,,,,,,,,,,,
,,,,,,,,,,,,,,,618522,001,2024-12-07_13h04.07.781,test,2024.1.4,Win32,59.52380952,674841e51ddba29a9dee134e,67546f35f927709209cd55ea,67548d8adc0c853401c11a3b,,,,,,,,,,,,,,,,,,,,,,,,,,,,,,,,,,,,,,,,,,,,,,,,,,,,,,,,,,,,,,29,block_2,,,,,,,,,,,,,,,,,,,shape_4,shape_3,shape_1,shape_3,shape_2,1,1,29,,,,,,,,,,,,,,,,,,,,,,,,,,,,,,,,,,,,,,,,,,,,,,,,,,,,,,,,,,,,,,,,,,,,,,,,,,,,,,,,,,,,,,,,,,,,,,,,,,,,,,,,,,,,,,,,,,,,,,,,,,,,,,3286.3663,226,113,3287.8707,3287.8709,3288.1219,left,0,3288.1219,3288.2221,3288.2221,3288.5229,space,0.2137,,0,230,230,28,1,0.2261,,,,,,,,,,,,,,,,,,,,,,
,,,,,,,,,,,,,,,618522,001,2024-12-07_13h04.07.781,test,2024.1.4,Win32,59.52380952,674841e51ddba29a9dee134e,67546f35f927709209cd55ea,67548d8adc0c853401c11a3b,,,,,,,,,,,,,,,,,,,,,,,,,,,,,,,,,,,,,,,,,,,,,,,,,,,,,,,,,,,,,,171,block_2,,,,,,,,,,,,,,,,,,,shape_1,shape_1,shape_2,shape_2,shape_2,2,2,171,,,,,,,,,,,,,,,,,,,,,,,,,,,,,,,,,,,,,,,,,,,,,,,,,,,,,,,,,,,,,,,,,,,,,,,,,,,,,,,,,,,,,,,,,,,,,,,,,,,,,,,,,,,,,,,,,,,,,,,,,,,,,,3288.5234,227,112,3290.0116,3290.0118,3290.179,left,1,3290.1791,3290.2791,3290.2792,3290.5134,space,0.1474,,0,231,231,170,1,0.1432,,,,,,,,,,,,,,,,,,,,,,
,,,,,,,,,,,,,,,618522,001,2024-12-07_13h04.07.781,test,2024.1.4,Win32,59.52380952,674841e51ddba29a9dee134e,67546f35f927709209cd55ea,67548d8adc0c853401c11a3b,,,,,,,,,,,,,,,,,,,,,,,,,,,,,,,,,,,,,,,,,,,,,,,,,,,,,,,,,,,,,,241,block_2,,,,,,,,,,,,,,,,,,,shape_3,shape_2,shape_2,shape_3,shape_1,2,2,241,,,,,,,,,,,,,,,,,,,,,,,,,,,,,,,,,,,,,,,,,,,,,,,,,,,,,,,,,,,,,,,,,,,,,,,,,,,,,,,,,,,,,,,,,,,,,,,,,,,,,,,,,,,,,,,,,,,,,,,,,,,,,,3290.5139,228,113,3292.0184,3292.0185,3292.4033,left,1,3292.4034,3292.5035,3292.5037,3292.7212,space,0.1971,,0,232,232,240,1,0.3623,,,,,,,,,,,,,,,,,,,,,,
,,,,,,,,,,,,,,,618522,001,2024-12-07_13h04.07.781,test,2024.1.4,Win32,59.52380952,674841e51ddba29a9dee134e,67546f35f927709209cd55ea,67548d8adc0c853401c11a3b,,,,,,,,,,,,,,,,,,,,,,,,,,,,,,,,,,,,,,,,,,,,,,,,,,,,,,,,,,,,,,43,block_2,,,,,,,,,,,,,,,,,,,shape_4,shape_1,shape_3,shape_3,shape_3,1,1,43,,,,,,,,,,,,,,,,,,,,,,,,,,,,,,,,,,,,,,,,,,,,,,,,,,,,,,,,,,,,,,,,,,,,,,,,,,,,,,,,,,,,,,,,,,,,,,,,,,,,,,,,,,,,,,,,,,,,,,,,,,,,,,3292.7217,229,114,3294.2262,3294.2263,3294.4602,right,1,3294.4603,3294.5607,3294.5607,3294.778,space,0.196,,0,233,233,42,1,0.2131,,,,,,,,,,,,,,,,,,,,,,
,,,,,,,,,,,,,,,618522,001,2024-12-07_13h04.07.781,test,2024.1.4,Win32,59.52380952,674841e51ddba29a9dee134e,67546f35f927709209cd55ea,67548d8adc0c853401c11a3b,,,,,,,,,,,,,,,,,,,,,,,,,,,,,,,,,,,,,,,,,,,,,,,,,,,,,,,,,,,,,,175,block_2,,,,,,,,,,,,,,,,,,,shape_2,shape_3,shape_1,shape_2,shape_1,2,2,175,,,,,,,,,,,,,,,,,,,,,,,,,,,,,,,,,,,,,,,,,,,,,,,,,,,,,,,,,,,,,,,,,,,,,,,,,,,,,,,,,,,,,,,,,,,,,,,,,,,,,,,,,,,,,,,,,,,,,,,,,,,,,,3294.7785,230,115,3296.283,3296.2831,3296.6513,left,1,3296.6513,3296.7514,3296.7515,3296.9521,space,0.1803,,0,234,234,174,1,0.3428,,,,,,,,,,,,,,,,,,,,,,
,,,,,,,,,,,,,,,618522,001,2024-12-07_13h04.07.781,test,2024.1.4,Win32,59.52380952,674841e51ddba29a9dee134e,67546f35f927709209cd55ea,67548d8adc0c853401c11a3b,,,,,,,,,,,,,,,,,,,,,,,,,,,,,,,,,,,,,,,,,,,,,,,,,,,,,,,,,,,,,,167,block_2,,,,,,,,,,,,,,,,,,,shape_2,shape_2,shape_1,shape_1,shape_2,2,2,167,,,,,,,,,,,,,,,,,,,,,,,,,,,,,,,,,,,,,,,,,,,,,,,,,,,,,,,,,,,,,,,,,,,,,,,,,,,,,,,,,,,,,,,,,,,,,,,,,,,,,,,,,,,,,,,,,,,,,,,,,,,,,,3296.9527,231,116,3298.4571,3298.4571,3298.6413,left,1,3298.6413,3298.7417,3298.7417,3299.1598,space,0.3975,,0,235,235,166,1,0.1629,,,,,,,,,,,,,,,,,,,,,,
,,,,,,,,,,,,,,,618522,001,2024-12-07_13h04.07.781,test,2024.1.4,Win32,59.52380952,674841e51ddba29a9dee134e,67546f35f927709209cd55ea,67548d8adc0c853401c11a3b,,,,,,,,,,,,,,,,,,,,,,,,,,,,,,,,,,,,,,,,,,,,,,,,,,,,,,,,,,,,,,27,block_2,,,,,,,,,,,,,,,,,,,shape_2,shape_3,shape_4,shape_3,shape_1,1,1,27,,,,,,,,,,,,,,,,,,,,,,,,,,,,,,,,,,,,,,,,,,,,,,,,,,,,,,,,,,,,,,,,,,,,,,,,,,,,,,,,,,,,,,,,,,,,,,,,,,,,,,,,,,,,,,,,,,,,,,,,,,,,,,3299.1604,232,117,3300.6648,3300.6649,3300.782,right,1,3300.7821,3300.882,3300.882,3447.9036,space,147.0032,,0,236,236,26,1,0.0919,,,,,,,,,,,,,,,,,,,,,,
,,,,,,,,,,,,,,,618522,001,2024-12-07_13h04.07.781,test,2024.1.4,Win32,59.52380952,674841e51ddba29a9dee134e,67546f35f927709209cd55ea,67548d8adc0c853401c11a3b,,,,,,,,,,,,,,,,,,,,,,,,,,,,,,,,,,,,,,,,,,,,,,,,,,,,,,,,,,,,,,201,block_2,,,,,,,,,,,,,,,,,,,shape_1,shape_4,shape_2,shape_3,shape_1,2,2,201,,,,,,,,,,,,,,,,,,,,,,,,,,,,,,,,,,,,,,,,,,,,,,,,,,,,,,,,,,,,,,,,,,,,,,,,,,,,,,,,,,,,,,,,,,,,,,,,,,,,,,,,,,,,,,,,,,,,,,,,,,,,,,3447.9043,233,118,3449.4084,3449.4085,3449.7784,,0,3449.7784,3449.7806,3449.7807,3450.6803,space,0.8926,,0,237,237,200,1,,,,,,,,,,,,,,,,,,,,,,,
,,,,,,,,,,,,,,,618522,001,2024-12-07_13h04.07.781,test,2024.1.4,Win32,59.52380952,674841e51ddba29a9dee134e,67546f35f927709209cd55ea,67548d8adc0c853401c11a3b,,,,,,,,,,,,,,,,,,,,,,,,,,,,,,,,,,,,,,,,,,,,,,,,,,,,,,,,,,,,,,267,block_2,,,,,,,,,,,,,,,,,,,shape_2,shape_2,shape_2,shape_2,shape_2,2,2,267,,,,,,,,,,,,,,,,,,,,,,,,,,,,,,,,,,,,,,,,,,,,,,,,,,,,,,,,,,,,,,,,,,,,,,,,,,,,,,,,,,,,,,,,,,,,,,,,,,,,,,,,,,,,,,,,,,,,,,,,,,,,,,3450.6807,233,118,3452.1847,3452.1848,3452.2517,left,1,3452.2518,3452.6229,3452.623,3453.2216,space,0.5429,,0,238,238,266,1,0.0581,,,,,,,,,,,,,,,,,,,,,,
,,,,,,,,,,,,,,,618522,001,2024-12-07_13h04.07.781,test,2024.1.4,Win32,59.52380952,674841e51ddba29a9dee134e,67546f35f927709209cd55ea,67548d8adc0c853401c11a3b,,,,,,,,,,,,,,,,,,,,,,,,,,,,,,,,,,,,,,,,,,,,,,,,,,,,,,,,,,,,,,172,block_2,,,,,,,,,,,,,,,,,,,shape_1,shape_2,shape_1,shape_2,shape_2,2,2,172,,,,,,,,,,,,,,,,,,,,,,,,,,,,,,,,,,,,,,,,,,,,,,,,,,,,,,,,,,,,,,,,,,,,,,,,,,,,,,,,,,,,,,,,,,,,,,,,,,,,,,,,,,,,,,,,,,,,,,,,,,,,,,3453.222,234,119,3454.7266,3454.7267,3455.2285,,0,3455.2285,3455.3287,3455.3288,3455.9811,space,0.6395,,0,239,239,171,1,,,,,,,,,,,,,,,,,,,,,,,
,,,,,,,,,,,,,,,618522,001,2024-12-07_13h04.07.781,test,2024.1.4,Win32,59.52380952,674841e51ddba29a9dee134e,67546f35f927709209cd55ea,67548d8adc0c853401c11a3b,,,,,,,,,,,,,,,,,,,,,,,,,,,,,,,,,,,,,,,,,,,,,,,,,,,,,,,,,,,,,,4,block_2,,,,,,,,,,,,,,,,,,,shape_1,shape_2,shape_4,shape_3,shape_1,1,2,4,,,,,,,,,,,,,,,,,,,,,,,,,,,,,,,,,,,,,,,,,,,,,,,,,,,,,,,,,,,,,,,,,,,,,,,,,,,,,,,,,,,,,,,,,,,,,,,,,,,,,,,,,,,,,,,,,,,,,,,,,,,,,,3455.9818,234,119,3457.4861,3457.4862,3457.7873,left,0,3457.7874,3457.8876,3457.8876,3458.2889,space,0.3057,,0,240,240,3,1,0.2853,,,,,,,,,,,,,,,,,,,,,,
,,,,,,,,,,,,,,,618522,001,2024-12-07_13h04.07.781,test,2024.1.4,Win32,59.52380952,674841e51ddba29a9dee134e,67546f35f927709209cd55ea,67548d8adc0c853401c11a3b,,,,,,,,,,,,,,,,,,,,,,,,,,,,,,,,,,,,,,,,,,,,,,,,,,,,,,,,,,,,,,160,block_2,,,,,,,,,,,,,,,,,,,shape_2,shape_1,shape_3,shape_1,shape_1,2,2,160,,,,,,,,,,,,,,,,,,,,,,,,,,,,,,,,,,,,,,,,,,,,,,,,,,,,,,,,,,,,,,,,,,,,,,,,,,,,,,,,,,,,,,,,,,,,,,,,,,,,,,,,,,,,,,,,,,,,,,,,,,,,,,3458.2895,235,118,3459.7942,3459.7942,3460.0449,left,1,3460.045,3460.1453,3460.1453,3460.6303,space,0.389,,0,241,241,159,1,0.2345,,,,,,,,,,,,,,,,,,,,,,
,,,,,,,,,,,,,,,618522,001,2024-12-07_13h04.07.781,test,2024.1.4,Win32,59.52380952,674841e51ddba29a9dee134e,67546f35f927709209cd55ea,67548d8adc0c853401c11a3b,,,,,,,,,,,,,,,,,,,,,,,,,,,,,,,,,,,,,,,,,,,,,,,,,,,,,,,,,,,,,,14,block_2,,,,,,,,,,,,,,,,,,,shape_1,shape_2,shape_3,shape_3,shape_2,1,2,14,,,,,,,,,,,,,,,,,,,,,,,,,,,,,,,,,,,,,,,,,,,,,,,,,,,,,,,,,,,,,,,,,,,,,,,,,,,,,,,,,,,,,,,,,,,,,,,,,,,,,,,,,,,,,,,,,,,,,,,,,,,,,,3460.6309,236,119,3462.1353,3462.1354,3462.4866,left,0,3462.4866,3462.587,3462.587,3462.8879,space,0.2027,,0,242,242,13,1,0.3324,,,,,,,,,,,,,,,,,,,,,,
,,,,,,,,,,,,,,,618522,001,2024-12-07_13h04.07.781,test,2024.1.4,Win32,59.52380952,674841e51ddba29a9dee134e,67546f35f927709209cd55ea,67548d8adc0c853401c11a3b,,,,,,,,,,,,,,,,,,,,,,,,,,,,,,,,,,,,,,,,,,,,,,,,,,,,,,,,,,,,,,269,block_2,,,,,,,,,,,,,,,,,,,shape_3,shape_2,shape_2,shape_2,shape_2,2,2,269,,,,,,,,,,,,,,,,,,,,,,,,,,,,,,,,,,,,,,,,,,,,,,,,,,,,,,,,,,,,,,,,,,,,,,,,,,,,,,,,,,,,,,,,,,,,,,,,,,,,,,,,,,,,,,,,,,,,,,,,,,,,,,3462.8885,237,118,3464.393,3464.393,3464.6609,left,1,3464.661,3464.7612,3464.7613,3465.2462,space,0.39,,0,243,243,268,1,0.2424,,,,,,,,,,,,,,,,,,,,,,
,,,,,,,,,,,,,,,618522,001,2024-12-07_13h04.07.781,test,2024.1.4,Win32,59.52380952,674841e51ddba29a9dee134e,67546f35f927709209cd55ea,67548d8adc0c853401c11a3b,,,,,,,,,,,,,,,,,,,,,,,,,,,,,,,,,,,,,,,,,,,,,,,,,,,,,,,,,,,,,,218,block_2,,,,,,,,,,,,,,,,,,,shape_2,shape_3,shape_2,shape_1,shape_2,2,2,218,,,,,,,,,,,,,,,,,,,,,,,,,,,,,,,,,,,,,,,,,,,,,,,,,,,,,,,,,,,,,,,,,,,,,,,,,,,,,,,,,,,,,,,,,,,,,,,,,,,,,,,,,,,,,,,,,,,,,,,,,,,,,,3465.2467,238,119,3466.7514,3466.7514,3467.0523,left,1,3467.0523,3467.1526,3467.1526,3467.4369,space,0.2708,,0,244,244,217,1,0.2802,,,,,,,,,,,,,,,,,,,,,,
,,,,,,,,,,,,,,,618522,001,2024-12-07_13h04.07.781,test,2024.1.4,Win32,59.52380952,674841e51ddba29a9dee134e,67546f35f927709209cd55ea,67548d8adc0c853401c11a3b,,,,,,,,,,,,,,,,,,,,,,,,,,,,,,,,,,,,,,,,,,,,,,,,,,,,,,,,,,,,,,188,block_2,,,,,,,,,,,,,,,,,,,shape_1,shape_4,shape_2,shape_1,shape_2,2,2,188,,,,,,,,,,,,,,,,,,,,,,,,,,,,,,,,,,,,,,,,,,,,,,,,,,,,,,,,,,,,,,,,,,,,,,,,,,,,,,,,,,,,,,,,,,,,,,,,,,,,,,,,,,,,,,,,,,,,,,,,,,,,,,3467.4375,239,120,3468.9421,3468.9422,3469.26,right,0,3469.2601,3469.3602,3469.3603,3469.6444,space,0.1931,,0,245,245,187,1,0.2924,,,,,,,,,,,,,,,,,,,,,,
,,,,,,,,,,,,,,,618522,001,2024-12-07_13h04.07.781,test,2024.1.4,Win32,59.52380952,674841e51ddba29a9dee134e,67546f35f927709209cd55ea,67548d8adc0c853401c11a3b,,,,,,,,,,,,,,,,,,,,,,,,,,,,,,,,,,,,,,,,,,,,,,,,,,,,,,,,,,,,,,91,block_2,,,,,,,,,,,,,,,,,,,shape_2,shape_3,shape_4,shape_2,shape_4,1,1,91,,,,,,,,,,,,,,,,,,,,,,,,,,,,,,,,,,,,,,,,,,,,,,,,,,,,,,,,,,,,,,,,,,,,,,,,,,,,,,,,,,,,,,,,,,,,,,,,,,,,,,,,,,,,,,,,,,,,,,,,,,,,,,3469.6447,240,119,3471.1331,3471.1332,3471.4174,right,1,3471.4174,3471.5177,3471.5178,3471.8018,space,0.1934,,0,246,246,90,1,0.2659,,,,,,,,,,,,,,,,,,,,,,
,,,,,,,,,,,,,,,618522,001,2024-12-07_13h04.07.781,test,2024.1.4,Win32,59.52380952,674841e51ddba29a9dee134e,67546f35f927709209cd55ea,67548d8adc0c853401c11a3b,,,,,,,,,,,,,,,,,,,,,,,,,,,,,,,,,,,,,,,,,,,,,,,,,,,,,,,,,,,,,,94,block_2,,,,,,,,,,,,,,,,,,,shape_2,shape_2,shape_4,shape_4,shape_4,1,1,94,,,,,,,,,,,,,,,,,,,,,,,,,,,,,,,,,,,,,,,,,,,,,,,,,,,,,,,,,,,,,,,,,,,,,,,,,,,,,,,,,,,,,,,,,,,,,,,,,,,,,,,,,,,,,,,,,,,,,,,,,,,,,,3471.8022,241,120,3473.2904,3473.2905,3473.5245,right,1,3473.5246,3473.6252,3473.6253,3473.9256,space,0.2808,,0,247,247,93,1,0.2148,,,,,,,,,,,,,,,,,,,,,,
,,,,,,,,,,,,,,,618522,001,2024-12-07_13h04.07.781,test,2024.1.4,Win32,59.52380952,674841e51ddba29a9dee134e,67546f35f927709209cd55ea,67548d8adc0c853401c11a3b,,,,,,,,,,,,,,,,,,,,,,,,,,,,,,,,,,,,,,,,,,,,,,,,,,,,,,,,,,,,,,256,block_2,,,,,,,,,,,,,,,,,,,shape_3,shape_2,shape_3,shape_1,shape_3,2,2,256,,,,,,,,,,,,,,,,,,,,,,,,,,,,,,,,,,,,,,,,,,,,,,,,,,,,,,,,,,,,,,,,,,,,,,,,,,,,,,,,,,,,,,,,,,,,,,,,,,,,,,,,,,,,,,,,,,,,,,,,,,,,,,3473.926,242,121,3475.4142,3475.4143,3475.7322,right,0,3475.7323,3475.8324,3475.8325,3475.9994,space,0.0811,,0,248,248,255,1,0.2958,,,,,,,,,,,,,,,,,,,,,,
,,,,,,,,,,,,,,,618522,001,2024-12-07_13h04.07.781,test,2024.1.4,Win32,59.52380952,674841e51ddba29a9dee134e,67546f35f927709209cd55ea,67548d8adc0c853401c11a3b,,,,,,,,,,,,,,,,,,,,,,,,,,,,,,,,,,,,,,,,,,,,,,,,,,,,,,,,,,,,,,90,block_2,,,,,,,,,,,,,,,,,,,shape_2,shape_2,shape_4,shape_4,shape_3,1,1,90,,,,,,,,,,,,,,,,,,,,,,,,,,,,,,,,,,,,,,,,,,,,,,,,,,,,,,,,,,,,,,,,,,,,,,,,,,,,,,,,,,,,,,,,,,,,,,,,,,,,,,,,,,,,,,,,,,,,,,,,,,,,,,3475.9997,243,120,3477.4882,3477.4882,3477.6388,right,1,3477.6389,3477.7389,3477.739,3478.0565,space,0.2271,,0,249,249,89,1,0.1256,,,,,,,,,,,,,,,,,,,,,,
,,,,,,,,,,,,,,,618522,001,2024-12-07_13h04.07.781,test,2024.1.4,Win32,59.52380952,674841e51ddba29a9dee134e,67546f35f927709209cd55ea,67548d8adc0c853401c11a3b,,,,,,,,,,,,,,,,,,,,,,,,,,,,,,,,,,,,,,,,,,,,,,,,,,,,,,,,,,,,,,45,block_2,,,,,,,,,,,,,,,,,,,shape_4,shape_3,shape_1,shape_3,shape_3,1,1,45,,,,,,,,,,,,,,,,,,,,,,,,,,,,,,,,,,,,,,,,,,,,,,,,,,,,,,,,,,,,,,,,,,,,,,,,,,,,,,,,,,,,,,,,,,,,,,,,,,,,,,,,,,,,,,,,,,,,,,,,,,,,,,3478.0568,244,121,3479.545,3479.5451,3479.8128,right,1,3479.8129,3479.913,3479.913,3480.1472,space,0.2126,,0,250,250,44,1,0.2473,,,,,,,,,,,,,,,,,,,,,,
,,,,,,,,,,,,,,,618522,001,2024-12-07_13h04.07.781,test,2024.1.4,Win32,59.52380952,674841e51ddba29a9dee134e,67546f35f927709209cd55ea,67548d8adc0c853401c11a3b,,,,,,,,,,,,,,,,,,,,,,,,,,,,,,,,,,,,,,,,,,,,,,,,,,,,,,,,,,,,,,155,block_2,,,,,,,,,,,,,,,,,,,shape_1,shape_2,shape_1,shape_1,shape_2,2,2,155,,,,,,,,,,,,,,,,,,,,,,,,,,,,,,,,,,,,,,,,,,,,,,,,,,,,,,,,,,,,,,,,,,,,,,,,,,,,,,,,,,,,,,,,,,,,,,,,,,,,,,,,,,,,,,,,,,,,,,,,,,,,,,3480.1478,245,122,3481.6525,3481.6525,3481.9203,left,1,3481.9203,3482.0204,3482.0204,3482.1876,space,0.1501,,0,251,251,154,1,0.2423,,,,,,,,,,,,,,,,,,,,,,
,,,,,,,,,,,,,,,618522,001,2024-12-07_13h04.07.781,test,2024.1.4,Win32,59.52380952,674841e51ddba29a9dee134e,67546f35f927709209cd55ea,67548d8adc0c853401c11a3b,,,,,,,,,,,,,,,,,,,,,,,,,,,,,,,,,,,,,,,,,,,,,,,,,,,,,,,,,,,,,,274,block_2,,,,,,,,,,,,,,,,,,,shape_2,shape_2,shape_2,shape_2,shape_4,2,2,274,,,,,,,,,,,,,,,,,,,,,,,,,,,,,,,,,,,,,,,,,,,,,,,,,,,,,,,,,,,,,,,,,,,,,,,,,,,,,,,,,,,,,,,,,,,,,,,,,,,,,,,,,,,,,,,,,,,,,,,,,,,,,,3482.1881,246,123,3483.6928,3483.6928,3484.0774,left,1,3484.0775,3484.1778,3484.1778,3484.4621,space,0.2682,,0,252,252,273,1,0.3673,,,,,,,,,,,,,,,,,,,,,,
,,,,,,,,,,,,,,,618522,001,2024-12-07_13h04.07.781,test,2024.1.4,Win32,59.52380952,674841e51ddba29a9dee134e,67546f35f927709209cd55ea,67548d8adc0c853401c11a3b,,,,,,,,,,,,,,,,,,,,,,,,,,,,,,,,,,,,,,,,,,,,,,,,,,,,,,,,,,,,,,78,block_2,,,,,,,,,,,,,,,,,,,shape_2,shape_3,shape_4,shape_3,shape_2,1,1,78,,,,,,,,,,,,,,,,,,,,,,,,,,,,,,,,,,,,,,,,,,,,,,,,,,,,,,,,,,,,,,,,,,,,,,,,,,,,,,,,,,,,,,,,,,,,,,,,,,,,,,,,,,,,,,,,,,,,,,,,,,,,,,3484.4626,247,124,3485.9672,3485.9672,3486.3515,left,0,3486.3516,3486.4518,3486.4519,3486.6529,space,0.1236,,0,253,253,77,1,0.358,,,,,,,,,,,,,,,,,,,,,,
,,,,,,,,,,,,,,,618522,001,2024-12-07_13h04.07.781,test,2024.1.4,Win32,59.52380952,674841e51ddba29a9dee134e,67546f35f927709209cd55ea,67548d8adc0c853401c11a3b,,,,,,,,,,,,,,,,,,,,,,,,,,,,,,,,,,,,,,,,,,,,,,,,,,,,,,,,,,,,,,48,block_2,,,,,,,,,,,,,,,,,,,shape_1,shape_3,shape_4,shape_3,shape_4,1,1,48,,,,,,,,,,,,,,,,,,,,,,,,,,,,,,,,,,,,,,,,,,,,,,,,,,,,,,,,,,,,,,,,,,,,,,,,,,,,,,,,,,,,,,,,,,,,,,,,,,,,,,,,,,,,,,,,,,,,,,,,,,,,,,3486.6534,248,123,3488.1579,3488.158,3488.3755,right,1,3488.3756,3488.4754,3488.4754,3488.7434,space,0.1871,,0,254,254,47,1,0.2003,,,,,,,,,,,,,,,,,,,,,,
,,,,,,,,,,,,,,,618522,001,2024-12-07_13h04.07.781,test,2024.1.4,Win32,59.52380952,674841e51ddba29a9dee134e,67546f35f927709209cd55ea,67548d8adc0c853401c11a3b,,,,,,,,,,,,,,,,,,,,,,,,,,,,,,,,,,,,,,,,,,,,,,,,,,,,,,,,,,,,,,26,block_2,,,,,,,,,,,,,,,,,,,shape_3,shape_3,shape_2,shape_3,shape_1,1,2,26,,,,,,,,,,,,,,,,,,,,,,,,,,,,,,,,,,,,,,,,,,,,,,,,,,,,,,,,,,,,,,,,,,,,,,,,,,,,,,,,,,,,,,,,,,,,,,,,,,,,,,,,,,,,,,,,,,,,,,,,,,,,,,3488.7439,249,124,3490.2483,3490.2485,3490.4995,right,1,3490.4997,3490.5998,3490.5998,3490.8674,space,0.2463,,0,255,255,25,1,0.2235,,,,,,,,,,,,,,,,,,,,,,
,,,,,,,,,,,,,,,618522,001,2024-12-07_13h04.07.781,test,2024.1.4,Win32,59.52380952,674841e51ddba29a9dee134e,67546f35f927709209cd55ea,67548d8adc0c853401c11a3b,,,,,,,,,,,,,,,,,,,,,,,,,,,,,,,,,,,,,,,,,,,,,,,,,,,,,,,,,,,,,,226,block_2,,,,,,,,,,,,,,,,,,,shape_1,shape_2,shape_2,shape_2,shape_4,2,2,226,,,,,,,,,,,,,,,,,,,,,,,,,,,,,,,,,,,,,,,,,,,,,,,,,,,,,,,,,,,,,,,,,,,,,,,,,,,,,,,,,,,,,,,,,,,,,,,,,,,,,,,,,,,,,,,,,,,,,,,,,,,,,,3490.8679,250,125,3492.3725,3492.3726,3492.6567,right,0,3492.6569,3492.757,3492.757,3492.9409,space,0.106,,0,256,256,225,1,0.2589,,,,,,,,,,,,,,,,,,,,,,
,,,,,,,,,,,,,,,618522,001,2024-12-07_13h04.07.781,test,2024.1.4,Win32,59.52380952,674841e51ddba29a9dee134e,67546f35f927709209cd55ea,67548d8adc0c853401c11a3b,,,,,,,,,,,,,,,,,,,,,,,,,,,,,,,,,,,,,,,,,,,,,,,,,,,,,,,,,,,,,,19,block_2,,,,,,,,,,,,,,,,,,,shape_4,shape_1,shape_2,shape_2,shape_3,1,2,19,,,,,,,,,,,,,,,,,,,,,,,,,,,,,,,,,,,,,,,,,,,,,,,,,,,,,,,,,,,,,,,,,,,,,,,,,,,,,,,,,,,,,,,,,,,,,,,,,,,,,,,,,,,,,,,,,,,,,,,,,,,,,,3492.9414,251,124,3494.4294,3494.4294,3494.9146,right,1,3494.9146,3495.0146,3495.0147,3495.2154,space,0.1175,,0,257,257,18,1,0.4602,,,,,,,,,,,,,,,,,,,,,,
,,,,,,,,,,,,,,,618522,001,2024-12-07_13h04.07.781,test,2024.1.4,Win32,59.52380952,674841e51ddba29a9dee134e,67546f35f927709209cd55ea,67548d8adc0c853401c11a3b,,,,,,,,,,,,,,,,,,,,,,,,,,,,,,,,,,,,,,,,,,,,,,,,,,,,,,,,,,,,,,87,block_2,,,,,,,,,,,,,,,,,,,shape_2,shape_4,shape_3,shape_4,shape_2,1,1,87,,,,,,,,,,,,,,,,,,,,,,,,,,,,,,,,,,,,,,,,,,,,,,,,,,,,,,,,,,,,,,,,,,,,,,,,,,,,,,,,,,,,,,,,,,,,,,,,,,,,,,,,,,,,,,,,,,,,,,,,,,,,,,3495.2159,252,125,3496.7208,3496.7208,3496.9217,right,1,3496.9217,3497.0217,3497.0218,3497.2888,space,0.2471,,0,258,258,86,1,0.1752,,,,,,,,,,,,,,,,,,,,,,
,,,,,,,,,,,,,,,618522,001,2024-12-07_13h04.07.781,test,2024.1.4,Win32,59.52380952,674841e51ddba29a9dee134e,67546f35f927709209cd55ea,67548d8adc0c853401c11a3b,,,,,,,,,,,,,,,,,,,,,,,,,,,,,,,,,,,,,,,,,,,,,,,,,,,,,,,,,,,,,,243,block_2,,,,,,,,,,,,,,,,,,,shape_2,shape_4,shape_1,shape_3,shape_2,2,2,243,,,,,,,,,,,,,,,,,,,,,,,,,,,,,,,,,,,,,,,,,,,,,,,,,,,,,,,,,,,,,,,,,,,,,,,,,,,,,,,,,,,,,,,,,,,,,,,,,,,,,,,,,,,,,,,,,,,,,,,,,,,,,,3497.2892,253,126,3498.7774,3498.7774,3499.1623,left,1,3499.1624,3499.2628,3499.2628,3499.4301,space,0.1485,,0,259,259,242,1,0.364,,,,,,,,,,,,,,,,,,,,,,
,,,,,,,,,,,,,,,618522,001,2024-12-07_13h04.07.781,test,2024.1.4,Win32,59.52380952,674841e51ddba29a9dee134e,67546f35f927709209cd55ea,67548d8adc0c853401c11a3b,,,,,,,,,,,,,,,,,,,,,,,,,,,,,,,,,,,,,,,,,,,,,,,,,,,,,,,,,,,,,,154,block_2,,,,,,,,,,,,,,,,,,,shape_1,shape_2,shape_1,shape_2,shape_1,2,2,154,,,,,,,,,,,,,,,,,,,,,,,,,,,,,,,,,,,,,,,,,,,,,,,,,,,,,,,,,,,,,,,,,,,,,,,,,,,,,,,,,,,,,,,,,,,,,,,,,,,,,,,,,,,,,,,,,,,,,,,,,,,,,,3499.4307,254,127,3500.9352,3500.9352,3501.0857,left,1,3501.0858,3501.1859,3501.1859,3501.4703,space,0.264,,0,260,260,153,1,0.1254,,,,,,,,,,,,,,,,,,,,,,
,,,,,,,,,,,,,,,618522,001,2024-12-07_13h04.07.781,test,2024.1.4,Win32,59.52380952,674841e51ddba29a9dee134e,67546f35f927709209cd55ea,67548d8adc0c853401c11a3b,,,,,,,,,,,,,,,,,,,,,,,,,,,,,,,,,,,,,,,,,,,,,,,,,,,,,,,,,,,,,,204,block_2,,,,,,,,,,,,,,,,,,,shape_1,shape_1,shape_3,shape_3,shape_3,2,2,204,,,,,,,,,,,,,,,,,,,,,,,,,,,,,,,,,,,,,,,,,,,,,,,,,,,,,,,,,,,,,,,,,,,,,,,,,,,,,,,,,,,,,,,,,,,,,,,,,,,,,,,,,,,,,,,,,,,,,,,,,,,,,,3501.4708,255,128,3502.9756,3502.9756,3503.4772,,0,3503.4772,3503.5777,3503.5777,3503.7284,space,0.1376,,0,261,261,203,1,,,,,,,,,,,,,,,,,,,,,,,
,,,,,,,,,,,,,,,618522,001,2024-12-07_13h04.07.781,test,2024.1.4,Win32,59.52380952,674841e51ddba29a9dee134e,67546f35f927709209cd55ea,67548d8adc0c853401c11a3b,,,,,,,,,,,,,,,,,,,,,,,,,,,,,,,,,,,,,,,,,,,,,,,,,,,,,,,,,,,,,,140,block_2,,,,,,,,,,,,,,,,,,,shape_4,shape_3,shape_3,shape_3,shape_4,1,1,140,,,,,,,,,,,,,,,,,,,,,,,,,,,,,,,,,,,,,,,,,,,,,,,,,,,,,,,,,,,,,,,,,,,,,,,,,,,,,,,,,,,,,,,,,,,,,,,,,,,,,,,,,,,,,,,,,,,,,,,,,,,,,,3503.7288,255,128,3505.2328,3505.2329,3505.3334,right,1,3505.3334,3505.4339,3505.4339,3505.6515,space,0.1115,,0,262,262,139,1,0.0843,,,,,,,,,,,,,,,,,,,,,,
,,,,,,,,,,,,,,,618522,001,2024-12-07_13h04.07.781,test,2024.1.4,Win32,59.52380952,674841e51ddba29a9dee134e,67546f35f927709209cd55ea,67548d8adc0c853401c11a3b,,,,,,,,,,,,,,,,,,,,,,,,,,,,,,,,,,,,,,,,,,,,,,,,,,,,,,,,,,,,,,92,block_2,,,,,,,,,,,,,,,,,,,shape_4,shape_2,shape_4,shape_3,shape_2,1,1,92,,,,,,,,,,,,,,,,,,,,,,,,,,,,,,,,,,,,,,,,,,,,,,,,,,,,,,,,,,,,,,,,,,,,,,,,,,,,,,,,,,,,,,,,,,,,,,,,,,,,,,,,,,,,,,,,,,,,,,,,,,,,,,3505.652,256,129,3507.1565,3507.1567,3507.3906,left,0,3507.3907,3507.4911,3507.4911,3507.6414,space,0.06,,0,263,263,91,1,0.2109,,,,,,,,,,,,,,,,,,,,,,
,,,,,,,,,,,,,,,618522,001,2024-12-07_13h04.07.781,test,2024.1.4,Win32,59.52380952,674841e51ddba29a9dee134e,67546f35f927709209cd55ea,67548d8adc0c853401c11a3b,,,,,,,,,,,,,,,,,,,,,,,,,,,,,,,,,,,,,,,,,,,,,,,,,,,,,,,,,,,,,,66,block_2,,,,,,,,,,,,,,,,,,,shape_2,shape_2,shape_3,shape_3,shape_3,1,1,66,,,,,,,,,,,,,,,,,,,,,,,,,,,,,,,,,,,,,,,,,,,,,,,,,,,,,,,,,,,,,,,,,,,,,,,,,,,,,,,,,,,,,,,,,,,,,,,,,,,,,,,,,,,,,,,,,,,,,,,,,,,,,,3507.6418,257,128,3509.13,3509.13,3509.2137,right,1,3509.2138,3509.314,3509.314,3509.6318,space,0.2274,,0,264,264,65,1,0.0611,,,,,,,,,,,,,,,,,,,,,,
,,,,,,,,,,,,,,,618522,001,2024-12-07_13h04.07.781,test,2024.1.4,Win32,59.52380952,674841e51ddba29a9dee134e,67546f35f927709209cd55ea,67548d8adc0c853401c11a3b,,,,,,,,,,,,,,,,,,,,,,,,,,,,,,,,,,,,,,,,,,,,,,,,,,,,,,,,,,,,,,128,block_2,,,,,,,,,,,,,,,,,,,shape_4,shape_4,shape_4,shape_3,shape_2,1,1,128,,,,,,,,,,,,,,,,,,,,,,,,,,,,,,,,,,,,,,,,,,,,,,,,,,,,,,,,,,,,,,,,,,,,,,,,,,,,,,,,,,,,,,,,,,,,,,,,,,,,,,,,,,,,,,,,,,,,,,,,,,,,,,3509.6323,258,129,3511.1364,3511.1364,3511.4381,right,1,3511.4381,3511.5382,3511.5382,3511.7391,space,0.1825,,0,265,265,127,1,0.283,,,,,,,,,,,,,,,,,,,,,,
,,,,,,,,,,,,,,,618522,001,2024-12-07_13h04.07.781,test,2024.1.4,Win32,59.52380952,674841e51ddba29a9dee134e,67546f35f927709209cd55ea,67548d8adc0c853401c11a3b,,,,,,,,,,,,,,,,,,,,,,,,,,,,,,,,,,,,,,,,,,,,,,,,,,,,,,,,,,,,,,299,block_2,,,,,,,,,,,,,,,,,,,shape_3,shape_3,shape_3,shape_4,shape_2,2,1,299,,,,,,,,,,,,,,,,,,,,,,,,,,,,,,,,,,,,,,,,,,,,,,,,,,,,,,,,,,,,,,,,,,,,,,,,,,,,,,,,,,,,,,,,,,,,,,,,,,,,,,,,,,,,,,,,,,,,,,,,,,,,,,3511.7395,259,130,3513.2442,3513.2443,3513.5453,right,0,3513.5454,3513.6455,3513.6455,3513.7789,space,0.0509,,0,266,266,298,1,0.2791,,,,,,,,,,,,,,,,,,,,,,
,,,,,,,,,,,,,,,618522,001,2024-12-07_13h04.07.781,test,2024.1.4,Win32,59.52380952,674841e51ddba29a9dee134e,67546f35f927709209cd55ea,67548d8adc0c853401c11a3b,,,,,,,,,,,,,,,,,,,,,,,,,,,,,,,,,,,,,,,,,,,,,,,,,,,,,,,,,,,,,,106,block_2,,,,,,,,,,,,,,,,,,,shape_4,shape_3,shape_3,shape_3,shape_2,1,1,106,,,,,,,,,,,,,,,,,,,,,,,,,,,,,,,,,,,,,,,,,,,,,,,,,,,,,,,,,,,,,,,,,,,,,,,,,,,,,,,,,,,,,,,,,,,,,,,,,,,,,,,,,,,,,,,,,,,,,,,,,,,,,,3513.7794,260,129,3515.2677,3515.2677,3515.7693,,0,3515.7694,3515.8698,3515.8698,3516.5221,space,0.6359,,0,267,267,105,1,,,,,,,,,,,,,,,,,,,,,,,
,,,,,,,,,,,,,,,618522,001,2024-12-07_13h04.07.781,test,2024.1.4,Win32,59.52380952,674841e51ddba29a9dee134e,67546f35f927709209cd55ea,67548d8adc0c853401c11a3b,,,,,,,,,,,,,,,,,,,,,,,,,,,,,,,,,,,,,,,,,,,,,,,,,,,,,,,,,,,,,,44,block_2,,,,,,,,,,,,,,,,,,,shape_1,shape_3,shape_4,shape_3,shape_3,1,1,44,,,,,,,,,,,,,,,,,,,,,,,,,,,,,,,,,,,,,,,,,,,,,,,,,,,,,,,,,,,,,,,,,,,,,,,,,,,,,,,,,,,,,,,,,,,,,,,,,,,,,,,,,,,,,,,,,,,,,,,,,,,,,,3516.5226,260,129,3518.0272,3518.0273,3518.111,right,1,3518.1112,3518.2112,3518.2113,3518.7462,space,0.4353,,0,268,268,43,1,0.0709,,,,,,,,,,,,,,,,,,,,,,
,,,,,,,,,,,,,,,618522,001,2024-12-07_13h04.07.781,test,2024.1.4,Win32,59.52380952,674841e51ddba29a9dee134e,67546f35f927709209cd55ea,67548d8adc0c853401c11a3b,,,,,,,,,,,,,,,,,,,,,,,,,,,,,,,,,,,,,,,,,,,,,,,,,,,,,,,,,,,,,,102,block_2,,,,,,,,,,,,,,,,,,,shape_3,shape_3,shape_4,shape_2,shape_3,1,1,102,,,,,,,,,,,,,,,,,,,,,,,,,,,,,,,,,,,,,,,,,,,,,,,,,,,,,,,,,,,,,,,,,,,,,,,,,,,,,,,,,,,,,,,,,,,,,,,,,,,,,,,,,,,,,,,,,,,,,,,,,,,,,,3518.7468,261,130,3520.2348,3520.2348,3520.402,right,1,3520.4021,3520.5022,3520.5023,3520.8871,space,0.3639,,0,269,269,101,1,0.1443,,,,,,,,,,,,,,,,,,,,,,
,,,,,,,,,,,,,,,618522,001,2024-12-07_13h04.07.781,test,2024.1.4,Win32,59.52380952,674841e51ddba29a9dee134e,67546f35f927709209cd55ea,67548d8adc0c853401c11a3b,,,,,,,,,,,,,,,,,,,,,,,,,,,,,,,,,,,,,,,,,,,,,,,,,,,,,,,,,,,,,,277,block_2,,,,,,,,,,,,,,,,,,,shape_2,shape_2,shape_2,shape_3,shape_3,2,2,277,,,,,,,,,,,,,,,,,,,,,,,,,,,,,,,,,,,,,,,,,,,,,,,,,,,,,,,,,,,,,,,,,,,,,,,,,,,,,,,,,,,,,,,,,,,,,,,,,,,,,,,,,,,,,,,,,,,,,,,,,,,,,,3520.8875,262,131,3522.3921,3522.3922,3522.7601,left,1,3522.7601,3522.8605,3522.8605,3523.0612,space,0.1835,,0,270,270,276,1,0.3467,,,,,,,,,,,,,,,,,,,,,,
,,,,,,,,,,,,,,,618522,001,2024-12-07_13h04.07.781,test,2024.1.4,Win32,59.52380952,674841e51ddba29a9dee134e,67546f35f927709209cd55ea,67548d8adc0c853401c11a3b,,,,,,,,,,,,,,,,,,,,,,,,,,,,,,,,,,,,,,,,,,,,,,,,,,,,,,,,,,,,,,51,block_2,,,,,,,,,,,,,,,,,,,shape_4,shape_3,shape_1,shape_4,shape_4,1,1,51,,,,,,,,,,,,,,,,,,,,,,,,,,,,,,,,,,,,,,,,,,,,,,,,,,,,,,,,,,,,,,,,,,,,,,,,,,,,,,,,,,,,,,,,,,,,,,,,,,,,,,,,,,,,,,,,,,,,,,,,,,,,,,3523.0617,263,132,3524.5663,3524.5663,3524.8507,right,1,3524.8508,3524.951,3524.951,3525.1523,space,0.1892,,0,271,271,50,1,0.2568,,,,,,,,,,,,,,,,,,,,,,
,,,,,,,,,,,,,,,618522,001,2024-12-07_13h04.07.781,test,2024.1.4,Win32,59.52380952,674841e51ddba29a9dee134e,67546f35f927709209cd55ea,67548d8adc0c853401c11a3b,,,,,,,,,,,,,,,,,,,,,,,,,,,,,,,,,,,,,,,,,,,,,,,,,,,,,,,,,,,,,,123,block_2,,,,,,,,,,,,,,,,,,,shape_3,shape_2,shape_4,shape_3,shape_4,1,1,123,,,,,,,,,,,,,,,,,,,,,,,,,,,,,,,,,,,,,,,,,,,,,,,,,,,,,,,,,,,,,,,,,,,,,,,,,,,,,,,,,,,,,,,,,,,,,,,,,,,,,,,,,,,,,,,,,,,,,,,,,,,,,,3525.1527,264,133,3526.6567,3526.6568,3526.9079,right,1,3526.9079,3527.008,3527.008,3527.2086,space,0.1875,,0,272,272,122,1,0.2261,,,,,,,,,,,,,,,,,,,,,,
,,,,,,,,,,,,,,,618522,001,2024-12-07_13h04.07.781,test,2024.1.4,Win32,59.52380952,674841e51ddba29a9dee134e,67546f35f927709209cd55ea,67548d8adc0c853401c11a3b,,,,,,,,,,,,,,,,,,,,,,,,,,,,,,,,,,,,,,,,,,,,,,,,,,,,,,,,,,,,,,86,block_2,,,,,,,,,,,,,,,,,,,shape_3,shape_2,shape_4,shape_4,shape_2,1,1,86,,,,,,,,,,,,,,,,,,,,,,,,,,,,,,,,,,,,,,,,,,,,,,,,,,,,,,,,,,,,,,,,,,,,,,,,,,,,,,,,,,,,,,,,,,,,,,,,,,,,,,,,,,,,,,,,,,,,,,,,,,,,,,3527.2091,265,134,3528.7138,3528.7138,3529.0149,right,1,3529.015,3529.1153,3529.1154,3529.3495,space,0.2121,,0,273,273,85,1,0.2758,,,,,,,,,,,,,,,,,,,,,,
,,,,,,,,,,,,,,,618522,001,2024-12-07_13h04.07.781,test,2024.1.4,Win32,59.52380952,674841e51ddba29a9dee134e,67546f35f927709209cd55ea,67548d8adc0c853401c11a3b,,,,,,,,,,,,,,,,,,,,,,,,,,,,,,,,,,,,,,,,,,,,,,,,,,,,,,,,,,,,,,257,block_2,,,,,,,,,,,,,,,,,,,shape_1,shape_3,shape_2,shape_4,shape_3,2,1,257,,,,,,,,,,,,,,,,,,,,,,,,,,,,,,,,,,,,,,,,,,,,,,,,,,,,,,,,,,,,,,,,,,,,,,,,,,,,,,,,,,,,,,,,,,,,,,,,,,,,,,,,,,,,,,,,,,,,,,,,,,,,,,3529.3499,266,135,3530.8378,3530.8379,3531.1054,left,1,3531.1055,3531.2056,3531.2057,3531.3898,space,0.1645,,0,274,274,256,1,0.2421,,,,,,,,,,,,,,,,,,,,,,
,,,,,,,,,,,,,,,618522,001,2024-12-07_13h04.07.781,test,2024.1.4,Win32,59.52380952,674841e51ddba29a9dee134e,67546f35f927709209cd55ea,67548d8adc0c853401c11a3b,,,,,,,,,,,,,,,,,,,,,,,,,,,,,,,,,,,,,,,,,,,,,,,,,,,,,,,,,,,,,,275,block_2,,,,,,,,,,,,,,,,,,,shape_2,shape_2,shape_4,shape_2,shape_2,2,2,275,,,,,,,,,,,,,,,,,,,,,,,,,,,,,,,,,,,,,,,,,,,,,,,,,,,,,,,,,,,,,,,,,,,,,,,,,,,,,,,,,,,,,,,,,,,,,,,,,,,,,,,,,,,,,,,,,,,,,,,,,,,,,,3531.3902,267,136,3532.8948,3532.8949,3533.2963,right,0,3533.2964,3533.3964,3533.3965,3533.731,space,0.2325,,0,275,275,274,1,0.3734,,,,,,,,,,,,,,,,,,,,,,
,,,,,,,,,,,,,,,618522,001,2024-12-07_13h04.07.781,test,2024.1.4,Win32,59.52380952,674841e51ddba29a9dee134e,67546f35f927709209cd55ea,67548d8adc0c853401c11a3b,,,,,,,,,,,,,,,,,,,,,,,,,,,,,,,,,,,,,,,,,,,,,,,,,,,,,,,,,,,,,,77,block_2,,,,,,,,,,,,,,,,,,,shape_2,shape_3,shape_3,shape_2,shape_4,1,1,77,,,,,,,,,,,,,,,,,,,,,,,,,,,,,,,,,,,,,,,,,,,,,,,,,,,,,,,,,,,,,,,,,,,,,,,,,,,,,,,,,,,,,,,,,,,,,,,,,,,,,,,,,,,,,,,,,,,,,,,,,,,,,,3533.7315,268,135,3535.2359,3535.236,3535.6543,right,1,3535.6543,3535.7544,3535.7544,3566.1925,space,30.3572,,0,276,276,76,1,0.3965,,,,,,,,,,,,,,,,,,,,,,
,,,,,,,,,,,,,,,618522,001,2024-12-07_13h04.07.781,test,2024.1.4,Win32,59.52380952,674841e51ddba29a9dee134e,67546f35f927709209cd55ea,67548d8adc0c853401c11a3b,,,,,,,,,,,,,,,,,,,,,,,,,,,,,,,,,,,,,,,,,,,,,,,,,,,,,,,,,,,,,,270,block_2,,,,,,,,,,,,,,,,,,,shape_2,shape_3,shape_2,shape_2,shape_2,2,2,270,,,,,,,,,,,,,,,,,,,,,,,,,,,,,,,,,,,,,,,,,,,,,,,,,,,,,,,,,,,,,,,,,,,,,,,,,,,,,,,,,,,,,,,,,,,,,,,,,,,,,,,,,,,,,,,,,,,,,,,,,,,,,,3566.1932,269,136,3567.6975,3567.6976,3567.9151,right,0,3567.9151,3568.0153,3568.0153,3568.4334,space,0.3092,,0,277,277,269,1,0.2007,,,,,,,,,,,,,,,,,,,,,,
,,,,,,,,,,,,,,,618522,001,2024-12-07_13h04.07.781,test,2024.1.4,Win32,59.52380952,674841e51ddba29a9dee134e,67546f35f927709209cd55ea,67548d8adc0c853401c11a3b,,,,,,,,,,,,,,,,,,,,,,,,,,,,,,,,,,,,,,,,,,,,,,,,,,,,,,,,,,,,,,219,block_2,,,,,,,,,,,,,,,,,,,shape_3,shape_2,shape_1,shape_2,shape_2,2,2,219,,,,,,,,,,,,,,,,,,,,,,,,,,,,,,,,,,,,,,,,,,,,,,,,,,,,,,,,,,,,,,,,,,,,,,,,,,,,,,,,,,,,,,,,,,,,,,,,,,,,,,,,,,,,,,,,,,,,,,,,,,,,,,3568.434,270,135,3569.9385,3569.9386,3570.2563,left,1,3570.2564,3570.3567,3570.3567,3570.6407,space,0.183,,0,278,278,218,1,0.2943,,,,,,,,,,,,,,,,,,,,,,
,,,,,,,,,,,,,,,618522,001,2024-12-07_13h04.07.781,test,2024.1.4,Win32,59.52380952,674841e51ddba29a9dee134e,67546f35f927709209cd55ea,67548d8adc0c853401c11a3b,,,,,,,,,,,,,,,,,,,,,,,,,,,,,,,,,,,,,,,,,,,,,,,,,,,,,,,,,,,,,,261,block_2,,,,,,,,,,,,,,,,,,,shape_4,shape_3,shape_3,shape_1,shape_2,2,1,261,,,,,,,,,,,,,,,,,,,,,,,,,,,,,,,,,,,,,,,,,,,,,,,,,,,,,,,,,,,,,,,,,,,,,,,,,,,,,,,,,,,,,,,,,,,,,,,,,,,,,,,,,,,,,,,,,,,,,,,,,,,,,,3570.6411,271,136,3572.1291,3572.1292,3572.3802,right,0,3572.3802,3572.4807,3572.4807,3572.882,space,0.3025,,0,279,279,260,1,0.2343,,,,,,,,,,,,,,,,,,,,,,
,,,,,,,,,,,,,,,618522,001,2024-12-07_13h04.07.781,test,2024.1.4,Win32,59.52380952,674841e51ddba29a9dee134e,67546f35f927709209cd55ea,67548d8adc0c853401c11a3b,,,,,,,,,,,,,,,,,,,,,,,,,,,,,,,,,,,,,,,,,,,,,,,,,,,,,,,,,,,,,,210,block_2,,,,,,,,,,,,,,,,,,,shape_2,shape_2,shape_2,shape_2,shape_1,2,2,210,,,,,,,,,,,,,,,,,,,,,,,,,,,,,,,,,,,,,,,,,,,,,,,,,,,,,,,,,,,,,,,,,,,,,,,,,,,,,,,,,,,,,,,,,,,,,,,,,,,,,,,,,,,,,,,,,,,,,,,,,,,,,,3572.8824,272,135,3574.3705,3574.3705,3574.6049,left,1,3574.6049,3574.705,3574.705,3574.9725,space,0.1612,,0,280,280,209,1,0.2062,,,,,,,,,,,,,,,,,,,,,,
,,,,,,,,,,,,,,,618522,001,2024-12-07_13h04.07.781,test,2024.1.4,Win32,59.52380952,674841e51ddba29a9dee134e,67546f35f927709209cd55ea,67548d8adc0c853401c11a3b,,,,,,,,,,,,,,,,,,,,,,,,,,,,,,,,,,,,,,,,,,,,,,,,,,,,,,,,,,,,,,28,block_2,,,,,,,,,,,,,,,,,,,shape_2,shape_3,shape_3,shape_1,shape_4,1,1,28,,,,,,,,,,,,,,,,,,,,,,,,,,,,,,,,,,,,,,,,,,,,,,,,,,,,,,,,,,,,,,,,,,,,,,,,,,,,,,,,,,,,,,,,,,,,,,,,,,,,,,,,,,,,,,,,,,,,,,,,,,,,,,3574.973,273,136,3576.4776,3576.4776,3576.578,right,1,3576.5781,3576.6785,3576.6785,3576.9961,space,0.302,,0,281,281,27,1,0.0772,,,,,,,,,,,,,,,,,,,,,,
,,,,,,,,,,,,,,,618522,001,2024-12-07_13h04.07.781,test,2024.1.4,Win32,59.52380952,674841e51ddba29a9dee134e,67546f35f927709209cd55ea,67548d8adc0c853401c11a3b,,,,,,,,,,,,,,,,,,,,,,,,,,,,,,,,,,,,,,,,,,,,,,,,,,,,,,,,,,,,,,13,block_2,,,,,,,,,,,,,,,,,,,shape_2,shape_3,shape_2,shape_1,shape_3,1,2,13,,,,,,,,,,,,,,,,,,,,,,,,,,,,,,,,,,,,,,,,,,,,,,,,,,,,,,,,,,,,,,,,,,,,,,,,,,,,,,,,,,,,,,,,,,,,,,,,,,,,,,,,,,,,,,,,,,,,,,,,,,,,,,3576.9967,274,137,3578.5009,3578.501,3578.9025,left,0,3578.9026,3579.0028,3579.0029,3579.1866,space,0.0951,,0,282,282,12,1,0.3792,,,,,,,,,,,,,,,,,,,,,,
,,,,,,,,,,,,,,,618522,001,2024-12-07_13h04.07.781,test,2024.1.4,Win32,59.52380952,674841e51ddba29a9dee134e,67546f35f927709209cd55ea,67548d8adc0c853401c11a3b,,,,,,,,,,,,,,,,,,,,,,,,,,,,,,,,,,,,,,,,,,,,,,,,,,,,,,,,,,,,,,1,block_2,,,,,,,,,,,,,,,,,,,shape_2,shape_2,shape_3,shape_1,shape_1,1,2,1,,,,,,,,,,,,,,,,,,,,,,,,,,,,,,,,,,,,,,,,,,,,,,,,,,,,,,,,,,,,,,,,,,,,,,,,,,,,,,,,,,,,,,,,,,,,,,,,,,,,,,,,,,,,,,,,,,,,,,,,,,,,,,3579.187,275,136,3580.6755,3580.6756,3580.943,left,0,3580.943,3581.0434,3581.0434,3581.3445,space,0.2796,,0,283,283,0,1,0.2437,,,,,,,,,,,,,,,,,,,,,,
,,,,,,,,,,,,,,,618522,001,2024-12-07_13h04.07.781,test,2024.1.4,Win32,59.52380952,674841e51ddba29a9dee134e,67546f35f927709209cd55ea,67548d8adc0c853401c11a3b,,,,,,,,,,,,,,,,,,,,,,,,,,,,,,,,,,,,,,,,,,,,,,,,,,,,,,,,,,,,,,291,block_2,,,,,,,,,,,,,,,,,,,shape_2,shape_3,shape_2,shape_3,shape_3,2,1,291,,,,,,,,,,,,,,,,,,,,,,,,,,,,,,,,,,,,,,,,,,,,,,,,,,,,,,,,,,,,,,,,,,,,,,,,,,,,,,,,,,,,,,,,,,,,,,,,,,,,,,,,,,,,,,,,,,,,,,,,,,,,,,3581.3451,276,135,3582.8494,3582.8494,3582.9329,right,0,3582.9329,3583.0332,3583.0332,3583.2343,space,0.1884,,0,284,284,290,1,0.0599,,,,,,,,,,,,,,,,,,,,,,
,,,,,,,,,,,,,,,618522,001,2024-12-07_13h04.07.781,test,2024.1.4,Win32,59.52380952,674841e51ddba29a9dee134e,67546f35f927709209cd55ea,67548d8adc0c853401c11a3b,,,,,,,,,,,,,,,,,,,,,,,,,,,,,,,,,,,,,,,,,,,,,,,,,,,,,,,,,,,,,,248,block_2,,,,,,,,,,,,,,,,,,,shape_2,shape_1,shape_3,shape_4,shape_2,2,2,248,,,,,,,,,,,,,,,,,,,,,,,,,,,,,,,,,,,,,,,,,,,,,,,,,,,,,,,,,,,,,,,,,,,,,,,,,,,,,,,,,,,,,,,,,,,,,,,,,,,,,,,,,,,,,,,,,,,,,,,,,,,,,,3583.2349,277,134,3584.7393,3584.7394,3585.0238,left,1,3585.0238,3585.1242,3585.1242,3585.4753,space,0.2578,,0,285,285,247,1,0.2612,,,,,,,,,,,,,,,,,,,,,,
,,,,,,,,,,,,,,,618522,001,2024-12-07_13h04.07.781,test,2024.1.4,Win32,59.52380952,674841e51ddba29a9dee134e,67546f35f927709209cd55ea,67548d8adc0c853401c11a3b,,,,,,,,,,,,,,,,,,,,,,,,,,,,,,,,,,,,,,,,,,,,,,,,,,,,,,,,,,,,,,73,block_2,,,,,,,,,,,,,,,,,,,shape_4,shape_3,shape_2,shape_3,shape_2,1,1,73,,,,,,,,,,,,,,,,,,,,,,,,,,,,,,,,,,,,,,,,,,,,,,,,,,,,,,,,,,,,,,,,,,,,,,,,,,,,,,,,,,,,,,,,,,,,,,,,,,,,,,,,,,,,,,,,,,,,,,,,,,,,,,3585.4758,278,135,3586.9803,3586.9804,3587.198,right,1,3587.1981,3587.2979,3587.298,3587.6161,space,0.2973,,0,286,286,72,1,0.1924,,,,,,,,,,,,,,,,,,,,,,
,,,,,,,,,,,,,,,618522,001,2024-12-07_13h04.07.781,test,2024.1.4,Win32,59.52380952,674841e51ddba29a9dee134e,67546f35f927709209cd55ea,67548d8adc0c853401c11a3b,,,,,,,,,,,,,,,,,,,,,,,,,,,,,,,,,,,,,,,,,,,,,,,,,,,,,,,,,,,,,,107,block_2,,,,,,,,,,,,,,,,,,,shape_3,shape_3,shape_4,shape_3,shape_2,1,1,107,,,,,,,,,,,,,,,,,,,,,,,,,,,,,,,,,,,,,,,,,,,,,,,,,,,,,,,,,,,,,,,,,,,,,,,,,,,,,,,,,,,,,,,,,,,,,,,,,,,,,,,,,,,,,,,,,,,,,,,,,,,,,,3587.6165,279,136,3589.121,3589.1211,3589.3554,right,1,3589.3554,3589.4552,3589.4553,3589.7065,space,0.2329,,0,287,287,106,1,0.2076,,,,,,,,,,,,,,,,,,,,,,
,,,,,,,,,,,,,,,618522,001,2024-12-07_13h04.07.781,test,2024.1.4,Win32,59.52380952,674841e51ddba29a9dee134e,67546f35f927709209cd55ea,67548d8adc0c853401c11a3b,,,,,,,,,,,,,,,,,,,,,,,,,,,,,,,,,,,,,,,,,,,,,,,,,,,,,,,,,,,,,,59,block_2,,,,,,,,,,,,,,,,,,,shape_2,shape_2,shape_4,shape_3,shape_2,1,1,59,,,,,,,,,,,,,,,,,,,,,,,,,,,,,,,,,,,,,,,,,,,,,,,,,,,,,,,,,,,,,,,,,,,,,,,,,,,,,,,,,,,,,,,,,,,,,,,,,,,,,,,,,,,,,,,,,,,,,,,,,,,,,,3589.7069,280,137,3591.2116,3591.2116,3591.4289,left,0,3591.4289,3591.5293,3591.5293,3591.7468,space,0.1264,,0,288,288,58,1,0.2002,,,,,,,,,,,,,,,,,,,,,,
,,,,,,,,,,,,,,,618522,001,2024-12-07_13h04.07.781,test,2024.1.4,Win32,59.52380952,674841e51ddba29a9dee134e,67546f35f927709209cd55ea,67548d8adc0c853401c11a3b,,,,,,,,,,,,,,,,,,,,,,,,,,,,,,,,,,,,,,,,,,,,,,,,,,,,,,,,,,,,,,132,block_2,,,,,,,,,,,,,,,,,,,shape_3,shape_3,shape_3,shape_3,shape_3,1,1,132,,,,,,,,,,,,,,,,,,,,,,,,,,,,,,,,,,,,,,,,,,,,,,,,,,,,,,,,,,,,,,,,,,,,,,,,,,,,,,,,,,,,,,,,,,,,,,,,,,,,,,,,,,,,,,,,,,,,,,,,,,,,,,3591.7472,281,136,3593.2518,3593.2518,3593.4693,right,1,3593.4694,3593.5695,3593.5697,3593.8882,space,0.2322,,0,289,289,131,1,0.1892,,,,,,,,,,,,,,,,,,,,,,
,,,,,,,,,,,,,,,618522,001,2024-12-07_13h04.07.781,test,2024.1.4,Win32,59.52380952,674841e51ddba29a9dee134e,67546f35f927709209cd55ea,67548d8adc0c853401c11a3b,,,,,,,,,,,,,,,,,,,,,,,,,,,,,,,,,,,,,,,,,,,,,,,,,,,,,,,,,,,,,,177,block_2,,,,,,,,,,,,,,,,,,,shape_2,shape_1,shape_1,shape_2,shape_3,2,2,177,,,,,,,,,,,,,,,,,,,,,,,,,,,,,,,,,,,,,,,,,,,,,,,,,,,,,,,,,,,,,,,,,,,,,,,,,,,,,,,,,,,,,,,,,,,,,,,,,,,,,,,,,,,,,,,,,,,,,,,,,,,,,,3593.8886,282,137,3595.3924,3595.3925,3595.6769,left,1,3595.6769,3595.7769,3595.777,3595.9947,space,0.2003,,0,290,290,176,1,0.2562,,,,,,,,,,,,,,,,,,,,,,
,,,,,,,,,,,,,,,618522,001,2024-12-07_13h04.07.781,test,2024.1.4,Win32,59.52380952,674841e51ddba29a9dee134e,67546f35f927709209cd55ea,67548d8adc0c853401c11a3b,,,,,,,,,,,,,,,,,,,,,,,,,,,,,,,,,,,,,,,,,,,,,,,,,,,,,,,,,,,,,,168,block_2,,,,,,,,,,,,,,,,,,,shape_2,shape_1,shape_2,shape_2,shape_1,2,2,168,,,,,,,,,,,,,,,,,,,,,,,,,,,,,,,,,,,,,,,,,,,,,,,,,,,,,,,,,,,,,,,,,,,,,,,,,,,,,,,,,,,,,,,,,,,,,,,,,,,,,,,,,,,,,,,,,,,,,,,,,,,,,,3595.9952,283,138,3597.4998,3597.4998,3597.55,left,1,3597.5501,3597.6501,3597.6502,3597.8678,space,0.2002,,0,291,291,167,1,0.0251,,,,,,,,,,,,,,,,,,,,,,
,,,,,,,,,,,,,,,618522,001,2024-12-07_13h04.07.781,test,2024.1.4,Win32,59.52380952,674841e51ddba29a9dee134e,67546f35f927709209cd55ea,67548d8adc0c853401c11a3b,,,,,,,,,,,,,,,,,,,,,,,,,,,,,,,,,,,,,,,,,,,,,,,,,,,,,,,,,,,,,,211,block_2,,,,,,,,,,,,,,,,,,,shape_2,shape_2,shape_1,shape_2,shape_2,2,2,211,,,,,,,,,,,,,,,,,,,,,,,,,,,,,,,,,,,,,,,,,,,,,,,,,,,,,,,,,,,,,,,,,,,,,,,,,,,,,,,,,,,,,,,,,,,,,,,,,,,,,,,,,,,,,,,,,,,,,,,,,,,,,,3597.8683,284,139,3599.3728,3599.3729,3599.7071,right,0,3599.7072,3599.8078,3599.8079,3600.0419,space,0.1385,,0,292,292,210,1,0.3182,,,,,,,,,,,,,,,,,,,,,,
,,,,,,,,,,,,,,,618522,001,2024-12-07_13h04.07.781,test,2024.1.4,Win32,59.52380952,674841e51ddba29a9dee134e,67546f35f927709209cd55ea,67548d8adc0c853401c11a3b,,,,,,,,,,,,,,,,,,,,,,,,,,,,,,,,,,,,,,,,,,,,,,,,,,,,,,,,,,,,,,15,block_2,,,,,,,,,,,,,,,,,,,shape_3,shape_2,shape_2,shape_3,shape_1,1,2,15,,,,,,,,,,,,,,,,,,,,,,,,,,,,,,,,,,,,,,,,,,,,,,,,,,,,,,,,,,,,,,,,,,,,,,,,,,,,,,,,,,,,,,,,,,,,,,,,,,,,,,,,,,,,,,,,,,,,,,,,,,,,,,3600.0424,285,138,3601.5468,3601.5469,3601.848,left,0,3601.848,3601.9482,3601.9483,3602.1323,space,0.1652,,0,293,293,14,1,0.2759,,,,,,,,,,,,,,,,,,,,,,
,,,,,,,,,,,,,,,618522,001,2024-12-07_13h04.07.781,test,2024.1.4,Win32,59.52380952,674841e51ddba29a9dee134e,67546f35f927709209cd55ea,67548d8adc0c853401c11a3b,,,,,,,,,,,,,,,,,,,,,,,,,,,,,,,,,,,,,,,,,,,,,,,,,,,,,,,,,,,,,,194,block_2,,,,,,,,,,,,,,,,,,,shape_1,shape_1,shape_3,shape_2,shape_3,2,2,194,,,,,,,,,,,,,,,,,,,,,,,,,,,,,,,,,,,,,,,,,,,,,,,,,,,,,,,,,,,,,,,,,,,,,,,,,,,,,,,,,,,,,,,,,,,,,,,,,,,,,,,,,,,,,,,,,,,,,,,,,,,,,,3602.1327,286,137,3603.6207,3603.6207,3603.8382,left,1,3603.8383,3603.9386,3603.9386,3604.1392,space,0.1123,,0,294,294,193,1,0.2006,,,,,,,,,,,,,,,,,,,,,,
,,,,,,,,,,,,,,,618522,001,2024-12-07_13h04.07.781,test,2024.1.4,Win32,59.52380952,674841e51ddba29a9dee134e,67546f35f927709209cd55ea,67548d8adc0c853401c11a3b,,,,,,,,,,,,,,,,,,,,,,,,,,,,,,,,,,,,,,,,,,,,,,,,,,,,,,,,,,,,,,40,block_2,,,,,,,,,,,,,,,,,,,shape_1,shape_4,shape_4,shape_4,shape_2,1,1,40,,,,,,,,,,,,,,,,,,,,,,,,,,,,,,,,,,,,,,,,,,,,,,,,,,,,,,,,,,,,,,,,,,,,,,,,,,,,,,,,,,,,,,,,,,,,,,,,,,,,,,,,,,,,,,,,,,,,,,,,,,,,,,3604.1396,287,138,3605.6442,3605.6443,3605.7782,right,1,3605.7783,3605.8786,3605.8786,3606.1628,space,0.2637,,0,295,295,39,1,0.1089,,,,,,,,,,,,,,,,,,,,,,
,,,,,,,,,,,,,,,618522,001,2024-12-07_13h04.07.781,test,2024.1.4,Win32,59.52380952,674841e51ddba29a9dee134e,67546f35f927709209cd55ea,67548d8adc0c853401c11a3b,,,,,,,,,,,,,,,,,,,,,,,,,,,,,,,,,,,,,,,,,,,,,,,,,,,,,,,,,,,,,,215,block_2,,,,,,,,,,,,,,,,,,,shape_2,shape_1,shape_2,shape_3,shape_2,2,2,215,,,,,,,,,,,,,,,,,,,,,,,,,,,,,,,,,,,,,,,,,,,,,,,,,,,,,,,,,,,,,,,,,,,,,,,,,,,,,,,,,,,,,,,,,,,,,,,,,,,,,,,,,,,,,,,,,,,,,,,,,,,,,,3606.1632,288,139,3607.6513,3607.6514,3607.852,left,1,3607.8521,3607.9522,3607.9524,3608.1866,space,0.2129,,0,296,296,214,1,0.1801,,,,,,,,,,,,,,,,,,,,,,
,,,,,,,,,,,,,,,618522,001,2024-12-07_13h04.07.781,test,2024.1.4,Win32,59.52380952,674841e51ddba29a9dee134e,67546f35f927709209cd55ea,67548d8adc0c853401c11a3b,,,,,,,,,,,,,,,,,,,,,,,,,,,,,,,,,,,,,,,,,,,,,,,,,,,,,,,,,,,,,,125,block_2,,,,,,,,,,,,,,,,,,,shape_4,shape_3,shape_2,shape_4,shape_3,1,1,125,,,,,,,,,,,,,,,,,,,,,,,,,,,,,,,,,,,,,,,,,,,,,,,,,,,,,,,,,,,,,,,,,,,,,,,,,,,,,,,,,,,,,,,,,,,,,,,,,,,,,,,,,,,,,,,,,,,,,,,,,,,,,,3608.1871,289,140,3609.6916,3609.6916,3609.9256,right,1,3609.9257,3610.0261,3610.0261,3610.1767,space,0.132,,0,297,297,124,1,0.209,,,,,,,,,,,,,,,,,,,,,,
,,,,,,,,,,,,,,,618522,001,2024-12-07_13h04.07.781,test,2024.1.4,Win32,59.52380952,674841e51ddba29a9dee134e,67546f35f927709209cd55ea,67548d8adc0c853401c11a3b,,,,,,,,,,,,,,,,,,,,,,,,,,,,,,,,,,,,,,,,,,,,,,,,,,,,,,,,,,,,,,279,block_2,,,,,,,,,,,,,,,,,,,shape_3,shape_2,shape_3,shape_2,shape_2,2,2,279,,,,,,,,,,,,,,,,,,,,,,,,,,,,,,,,,,,,,,,,,,,,,,,,,,,,,,,,,,,,,,,,,,,,,,,,,,,,,,,,,,,,,,,,,,,,,,,,,,,,,,,,,,,,,,,,,,,,,,,,,,,,,,3610.1771,290,141,3611.6815,3611.6815,3612.0163,left,1,3612.0164,3612.1166,3612.1166,3612.3173,space,0.1794,,0,298,298,278,1,0.3119,,,,,,,,,,,,,,,,,,,,,,
,,,,,,,,,,,,,,,618522,001,2024-12-07_13h04.07.781,test,2024.1.4,Win32,59.52380952,674841e51ddba29a9dee134e,67546f35f927709209cd55ea,67548d8adc0c853401c11a3b,,,,,,,,,,,,,,,,,,,,,,,,,,,,,,,,,,,,,,,,,,,,,,,,,,,,,,,,,,,,,,208,block_2,,,,,,,,,,,,,,,,,,,shape_1,shape_2,shape_2,shape_2,shape_2,2,2,208,,,,,,,,,,,,,,,,,,,,,,,,,,,,,,,,,,,,,,,,,,,,,,,,,,,,,,,,,,,,,,,,,,,,,,,,,,,,,,,,,,,,,,,,,,,,,,,,,,,,,,,,,,,,,,,,,,,,,,,,,,,,,,3612.3178,291,142,3613.8222,3613.8223,3614.1238,left,1,3614.1239,3614.2239,3614.2239,3614.458,space,0.2202,,0,299,299,207,1,0.2757,,,,,,,,,,,,,,,,,,,,,,
,,,,,,,,,,,,,,,618522,001,2024-12-07_13h04.07.781,test,2024.1.4,Win32,59.52380952,674841e51ddba29a9dee134e,67546f35f927709209cd55ea,67548d8adc0c853401c11a3b,,,,,,,,,,,,,,,,,,,,,,,,,,,,,,,,,,,,,,,,,,,,,,,,,,,,,,,,,,,,,,,,,,,,,,,,,,,,,,,,,,,,,,,,,,,,,,,,,,,,,,,,,,,,,,,,,,,,,,,,,,,,,,,,,,,,,,,,,,,,,,,,,,,,,,,,,,,,,,,,,,,,,,,,,,,,,,,,,,,,,,,,,,,,,,,,,,,,,,,,,,,,,,,,,,,,,,,,,,,,,,,,,,,,,,,,,,,,,3614.4603,"[136,181,233,119,200,171,203,105]",3614.4608,0,0,0,0,1,,,,,,,,,,,,,
,,,,,,,,,,,,,,,618522,001,2024-12-07_13h04.07.781,test,2024.1.4,Win32,59.52380952,674841e51ddba29a9dee134e,67546f35f927709209cd55ea,67548d8adc0c853401c11a3b,,,,,,,,,,,,,,,,,,,,,,,,,,,,,,,,,,,,,,,,,,,,,,,,,,,,,,,,,,,,,,204,block_2,,,,,,,,,,,,,,,,,,,shape_1,shape_1,shape_3,shape_3,shape_3,2,2,204,,,,,,,,,,,,,,,,,,,,,,,,,,,,,,,,,,,,,,,,,,,,,,,,,,,,,,,,,,,,,,,,,,,,,,,,,,,,,,,,,,,,,,,,,,,,,,,,,,,,,,,,,,,,,,,,,,,,,,,,,,,,,,3614.5077,292,143,3615.9966,3615.9966,3616.2809,left,1,3616.2809,3616.3813,3616.3813,3616.7154,space,0.3137,,0,0,0,6,1,0.2658,,,,,,,,,,,,,,,,,,,,,,
,,,,,,,,,,,,,,,618522,001,2024-12-07_13h04.07.781,test,2024.1.4,Win32,59.52380952,674841e51ddba29a9dee134e,67546f35f927709209cd55ea,67548d8adc0c853401c11a3b,,,,,,,,,,,,,,,,,,,,,,,,,,,,,,,,,,,,,,,,,,,,,,,,,,,,,,,,,,,,,,201,block_2,,,,,,,,,,,,,,,,,,,shape_1,shape_4,shape_2,shape_3,shape_1,2,2,201,,,,,,,,,,,,,,,,,,,,,,,,,,,,,,,,,,,,,,,,,,,,,,,,,,,,,,,,,,,,,,,,,,,,,,,,,,,,,,,,,,,,,,,,,,,,,,,,,,,,,,,,,,,,,,,,,,,,,,,,,,,,,,3616.7157,293,144,3618.2041,3618.2041,3618.5724,right,0,3618.5725,3618.6725,3618.6725,3618.94,space,0.1808,,0,1,1,4,1,0.3423,,,,,,,,,,,,,,,,,,,,,,
,,,,,,,,,,,,,,,618522,001,2024-12-07_13h04.07.781,test,2024.1.4,Win32,59.52380952,674841e51ddba29a9dee134e,67546f35f927709209cd55ea,67548d8adc0c853401c11a3b,,,,,,,,,,,,,,,,,,,,,,,,,,,,,,,,,,,,,,,,,,,,,,,,,,,,,,,,,,,,,,182,block_2,,,,,,,,,,,,,,,,,,,shape_2,shape_3,shape_1,shape_2,shape_1,2,2,182,,,,,,,,,,,,,,,,,,,,,,,,,,,,,,,,,,,,,,,,,,,,,,,,,,,,,,,,,,,,,,,,,,,,,,,,,,,,,,,,,,,,,,,,,,,,,,,,,,,,,,,,,,,,,,,,,,,,,,,,,,,,,,3618.9405,294,143,3620.4449,3620.4451,3620.6792,left,1,3620.6793,3620.7797,3620.7797,3621.0138,space,0.1368,,0,2,2,1,1,0.2116,,,,,,,,,,,,,,,,,,,,,,
,,,,,,,,,,,,,,,618522,001,2024-12-07_13h04.07.781,test,2024.1.4,Win32,59.52380952,674841e51ddba29a9dee134e,67546f35f927709209cd55ea,67548d8adc0c853401c11a3b,,,,,,,,,,,,,,,,,,,,,,,,,,,,,,,,,,,,,,,,,,,,,,,,,,,,,,,,,,,,,,234,block_2,,,,,,,,,,,,,,,,,,,shape_3,shape_3,shape_1,shape_2,shape_2,2,2,234,,,,,,,,,,,,,,,,,,,,,,,,,,,,,,,,,,,,,,,,,,,,,,,,,,,,,,,,,,,,,,,,,,,,,,,,,,,,,,,,,,,,,,,,,,,,,,,,,,,,,,,,,,,,,,,,,,,,,,,,,,,,,,3621.0143,295,144,3622.5188,3622.5188,3622.8033,left,1,3622.8034,3622.9036,3622.9037,3623.1377,space,0.2124,,0,3,3,2,1,0.2642,,,,,,,,,,,,,,,,,,,,,,
,,,,,,,,,,,,,,,618522,001,2024-12-07_13h04.07.781,test,2024.1.4,Win32,59.52380952,674841e51ddba29a9dee134e,67546f35f927709209cd55ea,67548d8adc0c853401c11a3b,,,,,,,,,,,,,,,,,,,,,,,,,,,,,,,,,,,,,,,,,,,,,,,,,,,,,,,,,,,,,,106,block_2,,,,,,,,,,,,,,,,,,,shape_4,shape_3,shape_3,shape_3,shape_2,1,1,106,,,,,,,,,,,,,,,,,,,,,,,,,,,,,,,,,,,,,,,,,,,,,,,,,,,,,,,,,,,,,,,,,,,,,,,,,,,,,,,,,,,,,,,,,,,,,,,,,,,,,,,,,,,,,,,,,,,,,,,,,,,,,,3623.1382,296,145,3624.6429,3624.6429,3624.8603,right,1,3624.8604,3624.9607,3624.9607,3625.2285,space,0.2475,,0,4,4,7,1,0.1983,,,,,,,,,,,,,,,,,,,,,,
,,,,,,,,,,,,,,,618522,001,2024-12-07_13h04.07.781,test,2024.1.4,Win32,59.52380952,674841e51ddba29a9dee134e,67546f35f927709209cd55ea,67548d8adc0c853401c11a3b,,,,,,,,,,,,,,,,,,,,,,,,,,,,,,,,,,,,,,,,,,,,,,,,,,,,,,,,,,,,,,172,block_2,,,,,,,,,,,,,,,,,,,shape_1,shape_2,shape_1,shape_2,shape_2,2,2,172,,,,,,,,,,,,,,,,,,,,,,,,,,,,,,,,,,,,,,,,,,,,,,,,,,,,,,,,,,,,,,,,,,,,,,,,,,,,,,,,,,,,,,,,,,,,,,,,,,,,,,,,,,,,,,,,,,,,,,,,,,,,,,3625.2289,297,146,3626.7334,3626.7334,3627.0185,left,1,3627.0186,3627.1183,3627.1184,3627.3858,space,0.2456,,0,5,5,5,1,0.2682,,,,,,,,,,,,,,,,,,,,,,
,,,,,,,,,,,,,,,618522,001,2024-12-07_13h04.07.781,test,2024.1.4,Win32,59.52380952,674841e51ddba29a9dee134e,67546f35f927709209cd55ea,67548d8adc0c853401c11a3b,,,,,,,,,,,,,,,,,,,,,,,,,,,,,,,,,,,,,,,,,,,,,,,,,,,,,,,,,,,,,,120,block_2,,,,,,,,,,,,,,,,,,,shape_3,shape_3,shape_4,shape_2,shape_4,1,1,120,,,,,,,,,,,,,,,,,,,,,,,,,,,,,,,,,,,,,,,,,,,,,,,,,,,,,,,,,,,,,,,,,,,,,,,,,,,,,,,,,,,,,,,,,,,,,,,,,,,,,,,,,,,,,,,,,,,,,,,,,,,,,,3627.3864,298,147,3628.8909,3628.8909,3629.1084,right,1,3629.1084,3629.2085,3629.2086,3629.493,space,0.2679,,0,6,6,3,1,0.1912,,,,,,,,,,,,,,,,,,,,,,
,,,,,,,,,,,,,,,618522,001,2024-12-07_13h04.07.781,test,2024.1.4,Win32,59.52380952,674841e51ddba29a9dee134e,67546f35f927709209cd55ea,67548d8adc0c853401c11a3b,,,,,,,,,,,,,,,,,,,,,,,,,,,,,,,,,,,,,,,,,,,,,,,,,,,,,,,,,,,,,,137,block_2,,,,,,,,,,,,,,,,,,,shape_3,shape_3,shape_4,shape_3,shape_3,1,1,137,,,,,,,,,,,,,,,,,,,,,,,,,,,,,,,,,,,,,,,,,,,,,,,,,,,,,,,,,,,,,,,,,,,,,,,,,,,,,,,,,,,,,,,,,,,,,,,,,,,,,,,,,,,,,,,,,,,,,,,,,,,,,,3629.4935,299,148,3630.998,3630.998,3631.0649,right,1,3631.0649,3631.1651,3631.1653,3822.2878,space,191.1085,,0,7,7,0,1,0.0458,,,,,,,,,,,,,,,,,,,,,,
,,,,,,,,,,,,,,,618522,001,2024-12-07_13h04.07.781,test,2024.1.4,Win32,59.52380952,674841e51ddba29a9dee134e,67546f35f927709209cd55ea,67548d8adc0c853401c11a3b,,,,,,,,,,,,,,,,,,,,,,,,,,,,,,,,,,,,,,,,,,,,,,,,,,,,,,,,,,,,,,,,,,,,,,,,,,,,,,,,,,,,,,,,,,,,,,,,,,,,,,,,,,,,,,,,,,,,,,,,,,,,,,,,,,,,,,,,,,,,,,,,,,,,,,,,,,,,,,,,,,,,,,,,,,,,,,,,,,,,,,,,,,,,,,,,,,,,,,,,,,,,,,,,,,,,,,,,,,,,,,,,,,,,,,,,,,,,,3822.2881,[],3822.2883,1,0,1,0,1,,,,,,,,,,,,,
,,,,,,,,,,,,,,,618522,001,2024-12-07_13h04.07.781,test,2024.1.4,Win32,59.52380952,674841e51ddba29a9dee134e,67546f35f927709209cd55ea,67548d8adc0c853401c11a3b,,,,,,,,,,,,,,,,,,,,,,,,,,,,,,,,,,,,,,,,,,,,,,,,,,,,,,,,,,,,,,,,,,,,,,,,,,,,,,,,,,,,,,,,,,,,,,,,,,,,,,,,,,,,,,,,,,,,,,,,,,,,,,,,,,,,,,,,,,,,,,,,,,,,,,,,,,,,,,,,,,,,,,,,,,,,,,,,,,,,,,,,,,,,,,,,,,,,,,,,,,,,,,,,,,,,,,,,,,,,,,,,,,,,,,,,,,,,,3822.3146,[],3822.3148,2,0,2,0,1,,,,,,,,,,,,,
,,,,,,,,,,,,,,,618522,001,2024-12-07_13h04.07.781,test,2024.1.4,Win32,59.52380952,674841e51ddba29a9dee134e,67546f35f927709209cd55ea,67548d8adc0c853401c11a3b,,,,,,,,,,,,,,,,,,,,,,,,,,,,,,,,,,,,,,,,,,,,,,,,,,,,,,,,,,,,,,,,,,,,,,,,,,,,,,,,,,,,,,,,,,,,,,,,,,,,,,,,,,,,,,,,,,,,,,,,,,,,,,,,,,,,,,,,,,,,,,,,,,,,,,,,,,,,,,,,,,,,,,,,,,,,,,,,,,,,,,,,,,,,,,,,,,,,,,,,,,,,,,,,,,,,,,,,,,,,,,,,,,,,,,,,,,,,,3822.3274,[],3822.3275,3,0,3,0,1,,,,,,,,,,,,,
,,,,,,,,,,,,,,,618522,001,2024-12-07_13h04.07.781,test,2024.1.4,Win32,59.52380952,674841e51ddba29a9dee134e,67546f35f927709209cd55ea,67548d8adc0c853401c11a3b,,,,,,,,,,,,,,,,,,,,,,,,,,,,,,,,,,,,,,,,,,,,,,,,,,,,,,,,,,,,,,,,,,,,,,,,,,,,,,,,,,,,,,,,,,,,,,,,,,,,,,,,,,,,,,,,,,,,,,,,,,,,,,,,,,,,,,,,,,,,,,,,,,,,,,,,,,,,,,,,,,,,,,,,,,,,,,,,,,,,,,,,,,,,,,,,,,,,,,,,,,,,,,,,,,,,,,,,,,,,,,,,,,,,,,,,,,,,,,,,,,,,,3822.3278,4.06,0,70,224,224,40,148,149,3833.9446,space,11.593,
